$SPEC_ID:
 
$SPEC_REM:
DET# 2
DETDESC# MCB 129 Input 1
AP# GammaVision Version 6.01
$DATE_MEA:
11/17/2011 13:38:19
$MEAS_TIM:
1571 2000
$DATA:
0 8191
       0
       0
       0
       0
       0
       0
       0
       0
     131
       0
       0
       1
       2
       0
       1
       5
      11
     804
    3736
    7161
    9388
   10717
   14340
   19134
   25096
   31558
   38887
   46752
   52491
   55734
   66466
  487031
  637288
  309177
  304017
  332844
  367492
  402110
  429985
  452288
  467793
  482138
  489132
  496816
  508137
  564494
  625550
  590789
  525653
  497976
  490209
  481054
  477313
  475423
  484453
  519187
  514735
  470108
  431522
  413936
  402876
  396280
  389218
  379170
  372133
  364540
  358874
  349521
  340276
  336961
  329368
  322531
  315890
  309416
  302031
  297639
  289867
  285776
  279061
  274460
  269658
  264977
  258165
  254281
  249206
  245886
  241088
  236233
  232402
  228543
  224693
  220768
  216674
  213237
  209454
  205777
  202073
  198731
  195862
  191574
  188933
  185673
  183736
  180015
  177592
  174471
  170591
  168920
  167631
  173269
  211375
  252932
  232762
  182238
  156906
  150281
  146954
  144727
  141997
  140214
  137605
  135481
  134190
  131471
  130956
  130586
  131084
  129002
  125430
  122249
  119301
  117864
  117046
  115767
  113868
  112929
  110905
  110850
  110166
  108502
  106229
  104903
  106050
  107076
  102939
   99148
   97601
   96728
   94917
   93326
   92604
   91919
   92066
   98835
  131442
  170434
  155576
  113687
   90249
   84926
   82075
   80877
   79711
   78616
   78149
   77243
   77073
   75800
   74333
   73807
   73127
   71916
   72023
   71159
   69779
   69052
   68846
   67780
   67673
   67301
   66538
   65726
   65650
   64596
   64095
   63247
   62566
   62740
   62458
   60997
   60825
   60311
   59350
   59089
   58434
   57935
   58193
   57706
   56927
   56158
   55212
   54867
   54040
   53297
   53275
   52656
   51841
   51545
   50805
   50739
   50262
   49464
   48861
   48329
   48861
   48643
   47439
   46848
   46653
   46039
   45962
   45379
   44389
   44250
   44435
   43778
   43507
   42910
   43137
   42629
   42413
   41576
   41078
   40502
   40728
   40143
   39794
   39460
   39316
   38779
   39013
   38368
   37665
   37830
   37118
   37007
   36739
   36628
   36319
   36095
   36042
   36282
   36400
   35093
   35079
   35025
   37523
   38831
   38027
   35138
   33453
   32901
   32801
   31990
   32023
   31228
   31031
   30736
   30460
   30677
   31237
   31454
   30443
   29522
   29471
   28983
   28703
   28671
   28377
   27749
   27821
   27662
   27981
   27334
   26922
   26698
   26986
   26662
   26080
   26337
   26019
   26135
   25587
   25739
   25233
   25495
   24851
   24878
   24773
   24573
   24671
   24454
   24658
   24077
   23778
   23859
   23529
   23637
   23473
   23497
   22869
   23126
   22895
   22694
   22860
   22508
   22081
   22222
   22562
   22549
   22045
   22091
   21575
   21933
   21366
   21279
   20912
   21134
   21078
   21104
   20954
   20615
   20594
   20893
   21119
   21910
   22982
   23100
   21588
   20379
   20064
   19512
   19528
   19478
   19523
   19179
   19375
   19106
   19270
   19170
   18699
   19086
   18922
   18725
   18802
   18702
   18971
   18727
   18962
   19309
   22899
   25805
   26784
   25866
   26014
   25496
   25488
   25077
   24508
   23133
   20977
   19065
   17896
   16978
   16908
   16608
   16353
   16725
   16422
   16297
   16750
   17158
   17265
   17129
   16711
   16682
   17568
   19174
   27127
   42365
   55738
   52348
   37224
   26762
   25816
   26212
   22055
   17188
   15436
   14540
   14421
   14228
   14063
   13616
   13607
   13739
   13835
   13769
   13585
   13513
   13299
   13535
   13585
   13332
   13358
   13437
   13228
   12987
   13194
   13505
   13354
   13011
   13114
   12846
   13151
   12942
   12945
   12713
   12765
   12753
   12803
   12515
   12878
   12920
   12450
   12216
   12504
   12492
   12635
   12480
   12401
   12320
   12216
   12196
   12628
   12899
   12822
   12546
   12104
   12073
   12174
   12451
   13133
   14360
   14546
   13854
   12912
   12147
   11770
   11649
   11599
   11695
   11822
   11880
   11811
   11682
   11265
   11137
   11395
   11592
   11228
   11178
   11053
   10984
   11247
   11107
   10787
   11005
   11069
   11017
   10901
   11190
   10922
   11014
   10902
   10766
   10839
   10748
   10654
   10375
   10659
   10472
   10458
   10524
   10325
   10357
   10325
   10169
   10113
   10095
   10178
   10091
   10077
   10437
   10179
   10303
   10169
   10248
   10073
    9869
   10104
    9883
    9803
   10233
   10339
   10002
    9944
    9940
    9859
    9618
    9832
    9998
    9680
    9834
   10002
    9890
    9989
   10066
    9891
    9472
    9533
    9500
    9541
    9540
    9535
    9294
    9333
    9511
    9722
    9795
    9923
    9503
    9521
    9238
    9136
    9210
    9176
    9029
    9111
    9208
    9139
    9264
    9205
    8957
    8919
    8903
    8868
    9097
    9079
    9251
    9379
    9382
    9159
    8954
    8810
    8967
    8877
    9044
    9033
    9013
    9046
    8926
    8736
    8800
    8777
    8817
    8566
    8581
    8522
    8481
    8611
    8641
    8558
    8588
    8522
    8524
    8497
    8382
    8473
    8434
    8699
    8514
    8795
    8769
    9001
    9278
   11679
   14554
   16868
   15667
   12684
    9700
    8647
    8233
    8157
    8209
    8154
    7967
    7840
    7821
    7843
    7901
    7967
    8052
    8118
    8060
    7879
    7784
    7882
    7881
    7834
    7856
    7893
    7965
    7724
    7697
    7703
    7711
    7854
    7742
    7798
    8112
    8162
    8078
    8028
    7902
    7969
    7933
    8417
    9329
   10229
    9882
    9092
    8285
    7885
    7490
    7641
    7590
    7473
    7375
    7399
    7480
    7620
    7598
    7283
    7360
    7717
    7810
    8140
    8144
    8264
    7735
    7639
    7530
    7372
    7550
    7493
    7486
    7165
    7173
    7166
    7416
    7222
    7428
    7357
    7165
    7036
    7040
    7297
    7548
    8096
    8422
    8015
    7431
    7286
    7190
    7053
    7213
    7218
    6962
    7203
    7054
    7236
    7298
    7185
    6919
    7220
    7065
    7059
    6973
    7162
    7013
    6947
    6908
    6932
    6912
    6935
    6862
    6977
    7038
    7289
    7233
    7182
    6927
    7390
    8076
    8375
    7848
    7066
    6961
    6664
    6768
    6659
    6672
    6804
    6782
    6773
    6745
    7338
    7595
    7472
    7062
    6729
    6644
    6553
    6687
    6576
    6508
    6559
    6859
    7074
    7113
    6830
    6672
    6626
    6540
    6528
    6541
    6399
    6522
    6486
    6433
    6385
    6431
    6276
    6369
    6743
    6626
    6508
    6411
    6578
    6441
    6316
    6528
    6427
    6332
    6568
    6494
    7187
    7172
    6891
    6596
    6521
    6525
    6327
    6257
    6347
    6080
    6206
    6227
    6264
    6161
    6133
    6254
    6113
    6164
    6119
    6179
    6259
    6135
    6174
    6046
    6005
    5906
    6043
    6042
    5740
    5787
    5903
    5914
    5746
    5613
    5720
    5762
    5642
    6078
    5849
    6045
    5991
    5683
    5647
    5749
    5605
    5670
    5768
    5789
    5751
    5658
    5649
    5679
    5372
    5594
    5551
    5634
    5634
    5542
    5492
    5513
    5679
    5980
    5953
    6206
    6023
    5830
    5529
    5489
    5703
    5921
    6138
    6382
    5864
    5429
    5461
    5146
    5502
    5529
    5828
    5849
    5671
    5648
    5391
    5205
    5283
    5405
    5511
    5554
    5853
    5842
    5602
    5406
    5396
    5312
    5466
    5546
    5590
    5254
    5207
    5242
    5134
    5197
    5169
    5105
    5200
    5416
    5239
    5114
    5360
    5553
    5858
    7050
    9704
   13118
   13602
   10611
    7142
    5762
    5614
    5333
    5278
    4996
    4973
    5092
    4924
    5041
    5183
    5409
    5885
    6274
    6400
    6185
    5438
    4987
    4895
    5003
    4923
    5047
    5085
    5364
    5657
    5949
    5688
    5636
    5119
    4907
    4953
    4778
    4795
    4748
    4806
    4806
    4783
    4789
    4750
    4766
    4908
    4741
    4771
    4724
    4670
    4680
    4716
    4921
    4812
    4815
    4927
    4963
    4842
    4669
    4609
    4689
    4754
    4801
    4768
    4724
    4618
    4734
    4851
    4702
    4668
    4861
    5047
    6416
    9155
   15138
   22521
   22165
   14756
    8635
    5760
    4913
    4874
    4723
    4750
    4773
    4750
    4699
    4702
    4506
    4518
    4285
    4350
    4345
    4384
    4393
    4428
    4221
    4384
    4673
    4650
    4765
    4682
    4612
    4605
    4573
    4513
    4522
    4305
    4329
    4485
    4378
    4303
    4483
    4288
    4257
    4335
    4250
    4292
    4202
    4200
    4566
    4556
    4787
    4789
    4791
    4672
    4632
    4412
    4411
    4483
    4235
    4348
    4257
    4219
    4182
    4356
    4356
    4352
    4281
    4285
    4276
    4430
    4328
    4224
    4354
    4334
    4438
    4168
    4368
    4384
    4171
    4278
    4002
    4275
    4258
    4381
    4242
    4374
    4347
    4368
    4453
    4345
    4309
    4537
    4688
    4851
    4742
    4674
    4270
    4176
    4129
    4133
    4131
    4168
    4219
    4148
    4120
    4290
    4064
    4081
    4159
    4241
    4181
    4259
    4237
    4223
    4049
    4090
    4031
    4014
    4038
    4056
    4112
    4068
    3981
    4167
    4045
    4141
    4247
    4034
    4262
    4084
    4235
    4185
    4320
    4254
    4448
    4386
    4362
    4291
    4333
    4060
    3988
    4086
    4078
    4112
    4267
    4269
    4059
    4032
    4050
    4103
    4015
    4124
    4256
    4338
    4429
    4435
    4306
    4312
    4105
    4017
    4132
    4099
    4046
    3932
    3919
    3909
    3847
    3931
    4025
    4090
    4171
    3892
    4042
    3921
    3964
    3940
    4029
    4041
    3936
    3934
    3963
    4047
    3978
    4032
    4022
    3855
    3946
    4041
    3945
    4049
    3957
    4013
    4026
    4010
    4028
    4078
    4071
    3923
    3950
    3827
    3934
    3931
    3832
    3856
    3849
    3904
    3920
    3972
    3896
    3845
    3989
    3834
    3813
    3924
    3956
    3729
    3863
    3891
    3893
    3916
    3873
    3783
    3909
    3818
    3821
    3927
    3888
    3911
    3961
    3853
    3837
    3930
    3858
    3835
    3834
    3802
    3829
    3707
    3669
    3742
    3745
    3855
    3777
    3842
    3789
    3701
    3769
    3757
    3983
    3745
    3867
    3711
    3891
    3824
    3853
    3802
    4133
    4332
    4890
    4690
    4348
    4127
    3834
    3759
    3726
    3932
    4117
    4162
    4132
    4088
    3796
    3739
    3711
    3810
    3787
    3712
    3880
    3907
    3757
    3799
    3775
    3830
    3786
    3876
    3787
    3750
    3739
    3894
    3842
    3781
    3781
    3851
    3760
    3898
    3722
    3612
    3760
    3800
    3871
    3713
    3818
    3726
    3689
    3546
    3699
    3665
    3730
    3666
    3684
    3713
    3720
    3851
    3768
    3701
    3901
    3911
    3955
    4212
    3897
    3979
    3757
    3928
    3689
    3756
    3755
    3810
    3769
    3820
    3759
    3832
    3872
    3879
    3846
    3681
    3878
    3859
    3915
    3858
    3927
    4131
    5036
    5699
    6296
    5806
    4949
    4373
    3890
    3789
    3682
    3918
    3929
    4098
    4256
    3939
    4081
    3885
    3693
    3706
    3613
    3608
    3726
    3655
    3598
    3655
    3839
    3616
    3592
    3648
    3533
    3591
    3580
    3533
    3587
    3603
    3544
    3603
    3606
    3534
    3644
    3624
    3646
    3636
    3607
    3561
    3628
    3503
    3601
    3518
    3823
    3966
    4769
    5669
    6473
    5965
    4871
    4118
    3812
    3669
    3601
    3787
    3539
    3501
    3601
    3497
    3562
    3468
    3560
    3581
    3513
    3426
    3473
    3554
    3419
    3536
    3727
    3540
    3563
    3585
    3457
    3354
    3544
    3470
    3401
    3472
    3494
    3490
    3488
    3571
    3557
    3675
    3529
    3504
    3441
    3541
    3357
    3461
    3506
    3437
    3458
    3438
    3602
    3527
    3472
    3441
    3517
    3598
    3533
    3565
    3501
    3668
    3680
    3622
    3502
    3663
    3600
    3667
    3608
    3379
    3467
    3433
    3376
    3564
    3518
    3505
    3432
    3631
    3561
    3555
    3657
    3601
    3767
    3924
    3936
    3886
    3655
    3548
    3413
    3371
    3526
    3521
    3486
    3458
    3500
    3478
    3515
    3522
    3535
    3562
    3407
    3419
    3574
    3537
    3570
    3389
    3415
    3537
    3517
    3357
    3356
    3597
    3591
    3500
    3468
    3517
    3447
    3535
    3596
    3661
    3581
    3529
    3719
    3729
    3747
    4100
    4296
    4702
    4559
    4375
    4576
    5306
    6420
    7856
    7797
    6493
    5339
    4967
    5532
    6336
    6455
    5503
    4423
    3923
    3839
    3691
    3756
    3636
    3608
    3627
    3676
    3678
    3627
    3634
    3600
    3662
    3759
    3500
    3775
    3723
    3669
    3588
    3491
    3625
    3646
    3506
    3630
    3445
    3547
    3503
    3591
    3554
    3374
    3332
    3331
    3364
    3181
    3374
    3395
    3219
    3329
    3304
    3104
    3018
    3251
    3308
    3153
    3153
    3117
    3226
    3183
    3209
    3148
    3180
    3203
    3129
    3144
    3238
    3187
    3160
    3160
    3126
    3170
    3071
    3106
    2958
    3006
    2949
    2970
    2812
    2972
    2825
    2906
    2866
    3016
    2885
    2961
    2821
    2901
    2912
    3049
    2903
    2809
    2962
    2982
    2913
    2988
    2898
    2947
    2838
    2788
    2677
    2766
    2712
    2737
    2662
    2697
    2726
    2871
    2950
    2930
    2978
    2804
    2715
    2673
    2637
    2650
    2612
    2584
    2658
    2601
    2609
    2622
    2791
    2612
    2650
    2546
    2521
    2610
    2568
    2468
    2480
    2466
    2420
    2492
    2457
    2415
    2512
    2520
    2448
    2427
    2427
    2505
    2487
    2512
    2518
    2456
    2368
    2301
    2438
    2410
    2362
    2314
    2296
    2368
    2474
    2495
    2481
    2629
    2505
    2430
    2485
    2545
    2508
    2504
    2452
    2465
    2443
    2322
    2399
    2372
    2426
    2296
    2412
    2481
    2467
    2535
    2427
    2367
    2395
    2288
    2291
    2310
    2276
    2457
    2287
    2273
    2419
    2403
    2382
    2515
    2525
    2508
    2384
    2372
    2390
    2406
    2523
    2598
    2677
    2830
    3227
    4101
    5462
    7490
   12212
   21248
   33289
   40039
   33694
   20415
    9711
    4838
    3224
    2782
    2623
    2482
    2513
    2444
    2207
    2251
    2167
    2206
    2148
    2174
    2163
    2188
    2105
    2089
    2039
    2185
    2203
    2182
    1986
    2174
    2112
    2142
    2114
    2167
    2080
    2155
    2097
    2133
    2111
    2121
    2273
    2130
    2273
    2185
    2088
    2161
    2257
    2194
    2221
    2144
    2170
    2217
    2246
    2171
    2212
    2170
    2141
    2036
    2144
    2103
    2075
    2071
    2018
    1982
    2035
    2038
    1946
    2168
    2122
    2276
    2232
    2182
    2053
    2134
    2003
    2079
    2043
    2082
    1981
    1997
    2063
    2029
    2097
    2073
    2029
    2135
    1959
    2081
    2087
    2000
    2109
    2019
    2100
    1976
    2004
    2057
    1977
    2059
    2074
    2102
    2011
    2164
    1997
    2105
    2021
    1994
    1928
    2095
    2000
    1966
    2091
    2015
    1978
    1943
    2008
    1927
    1948
    1963
    2031
    1986
    2146
    2118
    2063
    1997
    1897
    1898
    1910
    1886
    1944
    1925
    1932
    1941
    1944
    1987
    1872
    1980
    1914
    1888
    1932
    1802
    1882
    1923
    2010
    1982
    1859
    1988
    2040
    2007
    1921
    1981
    1950
    1982
    2037
    1952
    1947
    1863
    1919
    1893
    1877
    1894
    1842
    1834
    1885
    1897
    1978
    1831
    1960
    1978
    1908
    1809
    1903
    1953
    1990
    2005
    1923
    1933
    1821
    1886
    1730
    1932
    1912
    1879
    1839
    1899
    1823
    1901
    1926
    1967
    1933
    1946
    1877
    1790
    1871
    1809
    1878
    1889
    1861
    1898
    1800
    1816
    1841
    1906
    1901
    1841
    1935
    1916
    1902
    1884
    1912
    1852
    1859
    1855
    1768
    1768
    1792
    1928
    1900
    1927
    1883
    1798
    1848
    1932
    1913
    2032
    2003
    1962
    2050
    2022
    1902
    1965
    1977
    1948
    1827
    1881
    1902
    1779
    1817
    1845
    1878
    1883
    1909
    1809
    1839
    1692
    1804
    1759
    1813
    1903
    1912
    1852
    1891
    1820
    1806
    1846
    1809
    1742
    1716
    1787
    1729
    1833
    1830
    1813
    1841
    1878
    1879
    1850
    1782
    1926
    1860
    1941
    1851
    1798
    1787
    1801
    1765
    1848
    1841
    1795
    1810
    1868
    1862
    1829
    1817
    1767
    1660
    1843
    1822
    1734
    1724
    1776
    1763
    1819
    1801
    1839
    1805
    1888
    1833
    1929
    1884
    1887
    1811
    1750
    1803
    1803
    1863
    1743
    1850
    1652
    1721
    1737
    1824
    1749
    1691
    1625
    1794
    1759
    1741
    1776
    1685
    1733
    1653
    1763
    1793
    1769
    1769
    1829
    1798
    1874
    1907
    2064
    2112
    2384
    2698
    2595
    2559
    2107
    2031
    1930
    1825
    1898
    1827
    1913
    1945
    2062
    1986
    1868
    1896
    1742
    1791
    1781
    1813
    1755
    1745
    1775
    1675
    1720
    1826
    1826
    1809
    1769
    1707
    1701
    1842
    1829
    1766
    1834
    1717
    1743
    1608
    1779
    1775
    1702
    1771
    1676
    1701
    1733
    1883
    1903
    1730
    1807
    1755
    1620
    1785
    1714
    1691
    1769
    1729
    1699
    1657
    1809
    1716
    1747
    1737
    1661
    1687
    1664
    1775
    1696
    1723
    1802
    1872
    1801
    1794
    1748
    1731
    1705
    1651
    1626
    1636
    1671
    1662
    1681
    1654
    1664
    1744
    1715
    1668
    1796
    1712
    1665
    1686
    1713
    1660
    1693
    1709
    1675
    1660
    1761
    1679
    1673
    1684
    1693
    1681
    1695
    1783
    1770
    1781
    1872
    1742
    1737
    1877
    1757
    1809
    1812
    1717
    1823
    1727
    1772
    1649
    1673
    1683
    1753
    1663
    1779
    1706
    1693
    1609
    1758
    1752
    1786
    1715
    1686
    1714
    1738
    1774
    1772
    1647
    1740
    1778
    1748
    1923
    1863
    1776
    1707
    1708
    1739
    1497
    1620
    1658
    1645
    1761
    2029
    2059
    2432
    2634
    2568
    2232
    2029
    1852
    1693
    1748
    1718
    1640
    1755
    1693
    1641
    1654
    1625
    1585
    1668
    1695
    1682
    1564
    1556
    1691
    1576
    1659
    1670
    1562
    1676
    1574
    1655
    1547
    1708
    1536
    1599
    1607
    1659
    1630
    1559
    1642
    1566
    1549
    1536
    1607
    1687
    1587
    1587
    1576
    1602
    1633
    1627
    1590
    1741
    1696
    1706
    1655
    1621
    1596
    1534
    1516
    1640
    1614
    1597
    1611
    1604
    1604
    1650
    1639
    1488
    1637
    1711
    1708
    1692
    1709
    1693
    1714
    1739
    1697
    1644
    1655
    1503
    1574
    1673
    1564
    1661
    1637
    1836
    1711
    1727
    1698
    1517
    1642
    1709
    1556
    1463
    1549
    1605
    1632
    1577
    1620
    1737
    1787
    1778
    1721
    1669
    1654
    1694
    1597
    1657
    1581
    1603
    1570
    1625
    1574
    1600
    1596
    1669
    1719
    1703
    1670
    1677
    1599
    1615
    1596
    1644
    1697
    1835
    1719
    1686
    1756
    1682
    1619
    1631
    1577
    1575
    1500
    1544
    1585
    1478
    1469
    1465
    1553
    1501
    1593
    1513
    1534
    1607
    1682
    1641
    1757
    1832
    1917
    1889
    2059
    1887
    1632
    1565
    1557
    1537
    1508
    1499
    1474
    1516
    1548
    1555
    1496
    1418
    1536
    1568
    1612
    1530
    1597
    1612
    1546
    1638
    1488
    1383
    1449
    1525
    1508
    1512
    1564
    1566
    1617
    1618
    1505
    1580
    1509
    1470
    1625
    1562
    1583
    1573
    1651
    1658
    1599
    1513
    1552
    1504
    1528
    1507
    1461
    1467
    1444
    1453
    1468
    1541
    1576
    1478
    1458
    1559
    1462
    1590
    1485
    1582
    1484
    1471
    1446
    1447
    1582
    1524
    1483
    1475
    1467
    1477
    1464
    1530
    1513
    1609
    1615
    1775
    1956
    2198
    2530
    3201
    3901
    3975
    3480
    2865
    2169
    1829
    1658
    1552
    1591
    1548
    1701
    1537
    1603
    1521
    1539
    1549
    1531
    1484
    1539
    1548
    1565
    1571
    1532
    1599
    1507
    1514
    1466
    1459
    1485
    1419
    1557
    1471
    1374
    1526
    1532
    1580
    1547
    1555
    1580
    1635
    1505
    1532
    1487
    1559
    1443
    1487
    1410
    1541
    1493
    1575
    1537
    1463
    1529
    1552
    1533
    1476
    1531
    1506
    1574
    1469
    1478
    1430
    1475
    1521
    1429
    1535
    1463
    1494
    1542
    1454
    1474
    1582
    1495
    1571
    1549
    1549
    1480
    1593
    1497
    1493
    1517
    1440
    1532
    1426
    1439
    1558
    1460
    1569
    1460
    1509
    1488
    1544
    1487
    1539
    1482
    1463
    1479
    1554
    1420
    1447
    1537
    1508
    1556
    1530
    1394
    1587
    1539
    1570
    1493
    1596
    1485
    1484
    1444
    1425
    1467
    1553
    1481
    1515
    1526
    1559
    1502
    1566
    1541
    1550
    1621
    1408
    1480
    1461
    1509
    1472
    1544
    1569
    1501
    1450
    1457
    1520
    1538
    1523
    1511
    1635
    1481
    1420
    1530
    1522
    1517
    1499
    1455
    1420
    1526
    1495
    1532
    1491
    1565
    1595
    1549
    1468
    1487
    1483
    1540
    1551
    1464
    1509
    1416
    1448
    1433
    1483
    1513
    1510
    1410
    1485
    1535
    1517
    1508
    1449
    1491
    1549
    1643
    1581
    1547
    1420
    1632
    1602
    1639
    1560
    1521
    1521
    1517
    1507
    1522
    1537
    1505
    1537
    1544
    1657
    1593
    1559
    1598
    1576
    1579
    1549
    1610
    1544
    1444
    1426
    1459
    1477
    1478
    1442
    1419
    1419
    1367
    1397
    1496
    1410
    1360
    1407
    1488
    1402
    1422
    1403
    1466
    1475
    1449
    1450
    1313
    1378
    1434
    1393
    1404
    1331
    1360
    1320
    1459
    1356
    1317
    1346
    1331
    1360
    1437
    1378
    1380
    1381
    1394
    1198
    1339
    1427
    1323
    1447
    1410
    1394
    1407
    1313
    1365
    1304
    1335
    1370
    1274
    1329
    1304
    1229
    1291
    1364
    1326
    1253
    1273
    1386
    1345
    1366
    1337
    1468
    1460
    1514
    1639
    1737
    1889
    2065
    2106
    1955
    1586
    1491
    1380
    1268
    1178
    1249
    1170
    1258
    1196
    1253
    1289
    1284
    1288
    1304
    1229
    1272
    1239
    1284
    1256
    1296
    1219
    1192
    1207
    1195
    1221
    1226
    1152
    1208
    1188
    1153
    1219
    1239
    1192
    1228
    1218
    1135
    1277
    1248
    1183
    1212
    1259
    1214
    1244
    1230
    1233
    1163
    1176
    1163
    1148
    1148
    1174
    1251
    1112
    1145
    1185
    1179
    1127
    1118
    1158
    1198
    1149
    1247
    1110
    1168
    1151
    1115
    1070
    1093
    1162
    1109
    1223
    1101
    1194
    1086
    1181
    1140
    1161
    1128
    1164
    1199
    1183
    1123
    1169
    1096
    1207
    1148
    1171
    1176
    1153
    1217
    1219
    1225
    1237
    1224
    1257
    1225
    1365
    1405
    1621
    1725
    1969
    2441
    3093
    3865
    5343
    7504
    9209
    9664
    8013
    5367
    3163
    1919
    1339
    1224
    1194
    1205
    1126
    1129
    1058
    1085
    1138
    1152
    1087
    1147
    1126
    1174
    1062
    1164
    1077
    1106
    1101
    1070
    1019
    1050
    1064
    1149
     998
    1096
    1060
    1164
    1049
    1046
    1093
    1106
    1085
    1071
    1121
    1111
    1119
    1104
    1104
    1117
    1079
    1076
    1148
    1141
    1137
    1101
    1094
    1063
    1104
    1074
    1056
    1110
    1133
    1068
    1033
    1075
    1040
    1094
    1086
    1030
    1089
    1106
    1082
    1037
    1066
    1054
    1059
    1079
     970
    1055
    1041
    1147
    1056
    1073
    1041
    1120
    1070
    1104
    1084
    1055
    1040
    1109
    1078
    1084
    1031
    1039
    1030
    1047
    1002
    1010
    1114
    1006
    1029
    1067
    1104
    1129
    1108
    1120
    1136
    1153
    1157
    1187
    1082
    1134
    1167
    1091
    1054
    1020
    1040
    1055
    1046
    1047
    1019
    1048
    1050
    1096
    1093
    1083
    1123
    1076
    1139
    1073
    1150
    1126
    1074
    1007
    1074
    1113
    1072
    1097
    1067
    1106
    1020
    1004
    1020
     986
    1008
    1120
    1024
    1066
    1099
    1139
    1028
    1032
    1050
     940
    1114
    1027
    1067
    1041
    1060
    1058
    1021
    1064
    1050
    1064
    1016
    1072
    1052
    1066
    1102
    1127
    1177
    1167
    1214
    1244
    1244
    1328
    1361
    1502
    1780
    2009
    2430
    2994
    3322
    3553
    3174
    2542
    1873
    1508
    1362
    1154
    1227
    1225
    1144
    1205
    1166
    1105
    1192
    1241
    1158
    1192
    1281
    1215
    1258
    1241
    1251
    1282
    1241
    1257
    1255
    1210
    1213
    1214
    1229
    1248
    1196
    1226
    1102
    1155
    1178
    1160
    1176
    1248
    1169
    1251
    1271
    1229
    1258
    1207
    1278
    1220
    1243
    1204
    1227
    1171
    1217
    1273
    1249
    1249
    1325
    1253
    1198
    1301
    1168
    1144
    1188
    1281
    1161
    1266
    1143
    1201
    1221
    1268
    1237
    1219
    1159
    1143
    1170
    1230
    1218
    1222
    1263
    1313
    1271
    1240
    1278
    1209
    1122
    1318
    1228
    1163
    1197
    1278
    1278
    1184
    1222
    1195
    1245
    1328
    1275
    1179
    1180
    1251
    1265
    1212
    1257
    1253
    1198
    1217
    1180
    1177
    1129
    1194
    1236
    1277
    1242
    1186
    1275
    1297
    1238
    1276
    1196
    1387
    1324
    1284
    1284
    1268
    1212
    1254
    1256
    1272
    1253
    1200
    1240
    1251
    1198
    1138
    1248
    1261
    1308
    1255
    1280
    1273
    1190
    1281
    1240
    1233
    1256
    1231
    1258
    1263
    1190
    1230
    1241
    1303
    1219
    1189
    1295
    1216
    1270
    1268
    1315
    1364
    1286
    1289
    1281
    1177
    1162
    1228
    1148
    1202
    1222
    1202
    1314
    1243
    1273
    1228
    1246
    1224
    1268
    1291
    1291
    1190
    1168
    1261
    1283
    1265
    1166
    1245
    1201
    1152
    1263
    1195
    1240
    1215
    1205
    1235
    1204
    1226
    1237
    1270
    1244
    1314
    1175
    1295
    1293
    1303
    1206
    1330
    1319
    1214
    1225
    1257
    1269
    1272
    1268
    1292
    1297
    1351
    1274
    1270
    1361
    1495
    1342
    1523
    1502
    1558
    1447
    1325
    1343
    1325
    1283
    1403
    1365
    1260
    1262
    1267
    1293
    1363
    1396
    1256
    1268
    1340
    1304
    1352
    1361
    1367
    1394
    1312
    1327
    1359
    1375
    1270
    1294
    1355
    1322
    1241
    1356
    1398
    1299
    1230
    1258
    1238
    1234
    1217
    1223
    1214
    1275
    1240
    1270
    1249
    1266
    1231
    1254
    1233
    1202
    1185
    1217
    1161
    1254
    1283
    1260
    1164
    1269
    1315
    1179
    1203
    1205
    1194
    1290
    1165
    1103
    1141
    1237
    1210
    1158
    1121
    1274
    1123
    1154
    1189
    1205
    1198
    1123
    1186
    1145
    1186
    1103
    1150
    1042
    1090
    1181
    1032
    1169
    1113
    1138
    1100
    1132
    1152
    1156
    1086
    1122
    1089
    1139
    1150
    1070
    1120
    1156
    1139
    1158
    1106
    1148
    1189
    1213
    1128
    1061
    1113
    1145
    1176
    1054
    1104
    1209
    1108
    1195
    1081
    1237
    1157
    1061
    1127
    1119
    1127
    1121
    1154
    1133
    1151
    1059
    1150
    1109
    1174
    1160
    1161
    1198
    1205
    1155
    1154
    1154
    1332
    1157
    1080
    1206
    1242
    1215
    1246
    1335
    1355
    1416
    1530
    1676
    1771
    1888
    1970
    2153
    2399
    2925
    3811
    5079
    6629
    8060
    8315
    7411
    5375
    3854
    2754
    2060
    1528
    1371
    1430
    1308
    1285
    1252
    1327
    1313
    1186
    1195
    1260
    1289
    1256
    1268
    1249
    1292
    1349
    1367
    1410
    1456
    1337
    1336
    1316
    1368
    1310
    1355
    1324
    1296
    1308
    1339
    1269
    1246
    1226
    1305
    1293
    1274
    1278
    1325
    1336
    1321
    1308
    1432
    1270
    1380
    1366
    1328
    1353
    1315
    1449
    1442
    1427
    1363
    1441
    1302
    1355
    1223
    1229
    1300
    1276
    1246
    1325
    1281
    1297
    1238
    1292
    1225
    1305
    1247
    1286
    1308
    1267
    1223
    1180
    1282
    1178
    1297
    1197
    1244
    1271
    1284
    1270
    1323
    1338
    1229
    1273
    1285
    1231
    1317
    1248
    1266
    1316
    1305
    1313
    1253
    1299
    1209
    1202
    1228
    1228
    1210
    1300
    1257
    1275
    1270
    1283
    1382
    1280
    1354
    1315
    1293
    1322
    1297
    1221
    1309
    1350
    1296
    1276
    1284
    1259
    1298
    1311
    1275
    1360
    1247
    1278
    1265
    1344
    1341
    1295
    1340
    1305
    1353
    1322
    1303
    1374
    1299
    1286
    1356
    1257
    1403
    1343
    1292
    1261
    1322
    1341
    1249
    1324
    1330
    1338
    1322
    1315
    1317
    1360
    1230
    1352
    1245
    1343
    1232
    1258
    1239
    1250
    1263
    1317
    1369
    1317
    1296
    1355
    1427
    1307
    1312
    1308
    1327
    1339
    1386
    1310
    1233
    1316
    1366
    1337
    1363
    1380
    1358
    1281
    1375
    1329
    1388
    1431
    1426
    1327
    1373
    1363
    1328
    1264
    1357
    1261
    1304
    1255
    1315
    1249
    1156
    1202
    1200
    1166
    1208
    1198
    1171
    1189
    1194
    1185
    1177
    1240
    1166
    1134
    1188
    1152
    1256
    1291
    1155
    1263
    1173
    1254
    1127
    1080
    1239
    1102
    1140
    1103
    1104
    1069
    1077
    1159
    1125
    1180
    1083
    1151
    1222
    1295
    1191
    1225
    1170
    1080
    1061
    1074
    1050
    1054
    1087
    1049
     981
    1017
    1019
     993
    1012
     932
    1038
    1009
    1030
    1063
     993
    1120
    1123
    1033
    1041
     952
     977
     967
     992
     891
     967
     916
     942
     936
     924
     893
     941
     954
     960
     939
     960
     928
     873
     827
     896
     812
     845
     821
     810
     844
     803
     806
     737
     788
     801
     806
     760
     759
     775
     809
     781
     655
     732
     758
     736
     685
     658
     726
     677
     721
     649
     753
     726
     747
     719
     669
     732
     695
     697
     677
     698
     664
     753
     724
     731
     706
     696
     744
     707
     783
     707
     723
     708
     727
     688
     706
     652
     693
     711
     702
     661
     667
     728
     659
     735
     757
     799
     777
     750
     713
     763
     724
     712
     760
     793
     782
     814
     764
     709
     741
     770
     897
     784
     808
     866
    1021
    1155
    1199
    1410
    1625
    1975
    2233
    2541
    2905
    3260
    3882
    4839
    6437
    8777
   11807
   13962
   14575
   11724
    8201
    4805
    2741
    1556
    1026
     891
     771
     682
     642
     672
     604
     608
     612
     570
     591
     610
     590
     675
     644
     605
     701
     669
     751
     847
     876
     836
     746
     693
     557
     629
     713
     634
     684
     655
     672
     675
     655
     670
     687
     656
     681
     649
     661
     693
     645
     671
     659
     630
     593
     591
     607
     641
     634
     606
     685
     696
     621
     663
     671
     606
     592
     565
     556
     527
     512
     551
     535
     535
     581
     507
     538
     521
     570
     549
     556
     552
     555
     634
     643
     550
     527
     623
     542
     503
     523
     560
     569
     554
     493
     542
     470
     568
     564
     535
     583
     592
     583
     566
     572
     598
     622
     661
     656
     685
     727
     778
     821
     765
     641
     626
     575
     619
     572
     591
     539
     552
     596
     600
     621
     592
     665
     625
     553
     560
     509
     551
     477
     515
     537
     546
     561
     481
     519
     523
     533
     532
     527
     558
     480
     534
     585
     545
     545
     525
     576
     514
     588
     581
     495
     498
     544
     563
     557
     535
     498
     557
     498
     499
     581
     465
     547
     530
     540
     568
     506
     511
     550
     502
     529
     556
     557
     526
     525
     490
     518
     568
     534
     594
     526
     526
     513
     496
     500
     564
     553
     506
     509
     565
     586
     626
     690
     726
     742
     742
     681
     660
     622
     575
     567
     494
     499
     516
     523
     501
     488
     499
     524
     520
     586
     477
     536
     499
     547
     515
     516
     555
     545
     576
     503
     545
     543
     552
     532
     579
     568
     567
     549
     563
     526
     503
     496
     523
     574
     527
     560
     529
     594
     568
     688
     704
     749
     758
     782
     665
     588
     541
     552
     547
     550
     533
     553
     529
     541
     476
     534
     521
     527
     530
     650
     561
     636
     620
     625
     675
     640
     608
     622
     508
     514
     538
     534
     461
     490
     481
     519
     460
     497
     501
     498
     485
     529
     464
     523
     501
     481
     454
     504
     472
     478
     535
     530
     466
     509
     562
     493
     484
     463
     462
     503
     483
     475
     481
     491
     509
     568
     513
     516
     528
     531
     465
     490
     521
     482
     453
     470
     492
     484
     506
     523
     485
     511
     461
     536
     487
     524
     521
     508
     547
     537
     463
     547
     600
     563
     636
     662
     575
     640
     644
     630
     612
     662
     584
     646
     595
     613
     744
     700
     758
     666
     639
     595
     546
     622
     604
     649
     635
     604
     568
     533
     538
     456
     469
     461
     448
     526
     534
     500
     482
     519
     465
     526
     542
     500
     479
     525
     483
     506
     464
     454
     485
     482
     477
     479
     479
     465
     443
     488
     468
     465
     527
     436
     557
     482
     426
     465
     500
     446
     455
     479
     460
     571
     484
     491
     463
     490
     505
     483
     535
     477
     479
     490
     527
     464
     522
     503
     491
     540
     586
     596
     677
     703
     731
     678
     608
     616
     601
     645
     583
     673
     588
     555
     514
     482
     541
     492
     509
     567
     586
     556
     629
     595
     553
     518
     546
     556
     487
     514
     482
     490
     467
     444
     480
     470
     448
     507
     458
     482
     500
     490
     479
     521
     511
     482
     519
     523
     495
     489
     450
     448
     526
     534
     482
     493
     515
     519
     576
     561
     578
     572
     514
     576
     601
     583
     705
     753
     804
     913
    1081
    1212
    1325
    1361
    1212
    1108
     836
     777
     732
     650
     552
     571
     574
     550
     631
     708
     653
     677
     605
     548
     502
     504
     456
     469
     512
     461
     478
     489
     506
     508
     469
     486
     483
     470
     496
     446
     451
     474
     479
     485
     470
     535
     482
     500
     481
     432
     503
     507
     569
     502
     523
     495
     504
     500
     498
     462
     459
     465
     536
     431
     466
     513
     526
     463
     482
     455
     490
     501
     528
     439
     443
     467
     491
     554
     448
     560
     504
     574
     575
     521
     543
     550
     554
     574
     542
     574
     678
     647
     728
     757
     720
     719
     605
     589
     550
     508
     513
     464
     498
     481
     514
     511
     515
     506
     519
     512
     458
     545
     484
     521
     448
     501
     527
     467
     482
     503
     462
     491
     489
     440
     482
     436
     442
     449
     462
     529
     507
     446
     470
     493
     450
     421
     451
     450
     467
     500
     507
     483
     524
     509
     456
     445
     423
     430
     433
     465
     480
     419
     451
     500
     475
     480
     433
     465
     485
     484
     479
     465
     519
     559
     482
     506
     469
     485
     476
     516
     476
     490
     500
     452
     486
     431
     423
     455
     423
     433
     461
     438
     465
     471
     471
     538
     481
     455
     420
     419
     417
     439
     441
     455
     434
     466
     449
     373
     418
     457
     431
     457
     503
     443
     467
     484
     458
     487
     508
     558
     516
     458
     477
     400
     465
     428
     453
     476
     454
     439
     461
     418
     464
     387
     451
     451
     406
     486
     432
     475
     526
     493
     554
     609
     671
     676
     630
     684
     679
     666
     619
     608
     571
     613
     605
     591
     675
     739
     660
     640
     554
     492
     470
     465
     444
     407
     414
     379
     420
     409
     403
     399
     411
     428
     394
     393
     372
     447
     440
     375
     437
     419
     447
     419
     406
     494
     403
     412
     424
     392
     392
     424
     425
     417
     404
     386
     401
     439
     406
     377
     428
     450
     384
     386
     365
     407
     443
     381
     386
     371
     377
     416
     409
     382
     379
     385
     457
     351
     369
     368
     379
     380
     414
     389
     412
     423
     452
     461
     525
     562
     564
     584
     579
     528
     489
     393
     410
     404
     406
     374
     391
     369
     367
     354
     376
     357
     395
     362
     370
     347
     370
     349
     357
     347
     386
     378
     335
     355
     365
     377
     355
     335
     378
     341
     329
     385
     373
     388
     380
     338
     374
     402
     368
     364
     364
     345
     371
     431
     375
     367
     363
     401
     454
     433
     417
     463
     457
     444
     462
     524
     471
     523
     583
     632
     732
     799
     918
    1122
    1363
    1644
    1729
    1636
    1488
    1262
     943
     830
     733
     564
     503
     498
     522
     509
     512
     588
     644
     615
     533
     474
     403
     389
     394
     335
     362
     335
     340
     338
     355
     330
     334
     345
     382
     315
     344
     363
     371
     307
     382
     374
     379
     355
     345
     353
     349
     356
     340
     346
     353
     317
     337
     365
     335
     325
     332
     347
     340
     337
     403
     346
     299
     346
     342
     385
     358
     354
     347
     343
     370
     359
     335
     379
     381
     328
     350
     362
     333
     331
     336
     320
     345
     343
     321
     309
     328
     318
     365
     322
     328
     334
     322
     354
     384
     389
     381
     355
     348
     330
     416
     396
     387
     410
     395
     387
     449
     435
     446
     433
     471
     415
     389
     384
     395
     372
     345
     358
     373
     349
     385
     404
     360
     361
     392
     351
     339
     323
     344
     364
     341
     316
     311
     328
     317
     321
     359
     306
     284
     331
     317
     331
     330
     359
     287
     318
     324
     342
     340
     305
     339
     288
     334
     333
     332
     377
     353
     359
     358
     395
     371
     387
     447
     435
     408
     390
     421
     423
     378
     346
     338
     324
     322
     326
     309
     338
     325
     340
     318
     330
     308
     303
     314
     359
     325
     379
     336
     284
     337
     332
     354
     337
     319
     326
     341
     323
     303
     361
     345
     344
     383
     346
     364
     368
     382
     437
     451
     442
     443
     464
     374
     417
     393
     363
     454
     448
     406
     421
     432
     430
     339
     346
     312
     352
     346
     345
     370
     315
     394
     360
     361
     401
     415
     454
     465
     532
     570
     574
     537
     444
     450
     336
     326
     360
     306
     290
     325
     333
     299
     326
     319
     292
     300
     298
     296
     329
     296
     306
     317
     311
     299
     313
     311
     310
     314
     323
     317
     364
     314
     349
     399
     430
     382
     385
     379
     349
     296
     320
     312
     318
     334
     363
     297
     321
     325
     325
     341
     310
     276
     331
     322
     279
     328
     330
     286
     281
     315
     308
     309
     319
     325
     305
     299
     315
     327
     295
     284
     339
     311
     288
     314
     312
     286
     297
     293
     326
     285
     289
     288
     271
     276
     290
     304
     299
     271
     269
     317
     344
     269
     308
     299
     324
     315
     345
     301
     307
     290
     276
     254
     284
     288
     319
     267
     309
     267
     275
     307
     300
     301
     298
     234
     304
     294
     318
     258
     293
     278
     278
     302
     277
     312
     303
     288
     268
     249
     338
     314
     289
     329
     273
     316
     357
     363
     338
     392
     426
     401
     468
     475
     525
     569
     525
     552
     563
     649
     683
     764
     783
     789
     767
     658
     647
     703
     572
     512
     454
     418
     387
     350
     323
     277
     287
     315
     334
     319
     253
     317
     281
     309
     289
     295
     275
     315
     253
     284
     271
     294
     283
     322
     299
     282
     283
     299
     304
     324
     329
     316
     311
     325
     290
     275
     276
     288
     294
     297
     362
     322
     355
     369
     341
     300
     332
     297
     336
     277
     334
     350
     355
     338
     365
     342
     316
     306
     356
     294
     313
     349
     296
     344
     340
     332
     361
     303
     319
     330
     308
     303
     297
     311
     330
     357
     326
     319
     346
     352
     360
     289
     364
     347
     318
     377
     350
     378
     389
     435
     417
     431
     430
     329
     420
     386
     416
     403
     436
     415
     471
     412
     467
     484
     485
     471
     401
     385
     354
     346
     323
     260
     319
     350
     302
     323
     372
     296
     356
     321
     347
     336
     288
     296
     275
     316
     289
     289
     269
     289
     289
     329
     246
     295
     288
     270
     272
     267
     325
     326
     299
     338
     291
     264
     297
     295
     312
     312
     320
     322
     338
     287
     300
     318
     314
     329
     333
     292
     297
     327
     280
     285
     261
     258
     304
     261
     282
     274
     273
     266
     303
     270
     299
     270
     259
     296
     284
     295
     321
     315
     272
     285
     307
     288
     288
     296
     302
     295
     307
     346
     318
     282
     283
     296
     313
     345
     346
     362
     394
     376
     409
     487
     531
     610
     661
     671
     644
     663
     557
     436
     370
     387
     343
     361
     294
     322
     316
     312
     300
     321
     293
     265
     312
     245
     307
     286
     270
     297
     279
     285
     332
     283
     279
     283
     287
     314
     289
     298
     293
     286
     321
     276
     279
     279
     327
     318
     308
     268
     358
     325
     333
     288
     331
     298
     328
     324
     318
     352
     330
     327
     366
     376
     314
     360
     362
     316
     317
     286
     300
     290
     269
     294
     265
     304
     279
     290
     292
     271
     269
     272
     257
     283
     265
     269
     267
     290
     258
     264
     253
     285
     257
     243
     234
     291
     287
     318
     308
     258
     266
     248
     278
     231
     253
     269
     294
     250
     242
     231
     271
     275
     236
     273
     230
     284
     251
     284
     316
     258
     263
     299
     224
     266
     282
     282
     256
     295
     297
     259
     248
     285
     246
     264
     261
     259
     284
     257
     248
     249
     233
     244
     274
     257
     267
     237
     234
     247
     261
     237
     300
     276
     250
     260
     251
     281
     262
     287
     250
     305
     313
     315
     318
     331
     379
     462
     542
     577
     707
     682
     783
     704
     675
     622
     521
     464
     449
     494
     588
     605
     706
     686
     656
     594
     494
     394
     364
     309
     263
     290
     284
     282
     271
     249
     255
     269
     266
     244
     242
     261
     276
     264
     276
     270
     226
     249
     256
     246
     243
     263
     294
     234
     266
     243
     257
     253
     276
     205
     276
     262
     281
     267
     235
     246
     276
     254
     266
     257
     309
     298
     289
     262
     296
     249
     271
     296
     310
     294
     317
     361
     330
     396
     308
     300
     265
     253
     267
     235
     236
     225
     228
     223
     264
     243
     232
     233
     219
     235
     219
     270
     234
     243
     261
     237
     250
     286
     261
     243
     287
     253
     214
     253
     231
     217
     212
     271
     270
     233
     269
     252
     255
     277
     313
     323
     340
     448
     468
     465
     537
     628
     605
     551
     421
     402
     316
     291
     307
     273
     226
     253
     256
     248
     242
     293
     268
     239
     242
     227
     268
     276
     260
     241
     237
     239
     222
     208
     220
     209
     264
     216
     214
     208
     210
     229
     200
     192
     205
     198
     215
     219
     210
     171
     198
     169
     207
     206
     218
     180
     216
     184
     212
     198
     184
     189
     199
     194
     218
     200
     249
     237
     222
     205
     209
     227
     185
     184
     224
     205
     217
     186
     235
     220
     194
     211
     228
     217
     192
     182
     202
     180
     208
     197
     209
     236
     192
     225
     263
     249
     256
     263
     296
     278
     296
     294
     347
     386
     437
     447
     489
     648
     617
     604
     562
     470
     348
     289
     251
     246
     211
     183
     219
     189
     207
     198
     185
     182
     175
     191
     187
     196
     190
     197
     203
     179
     166
     187
     182
     200
     215
     177
     182
     169
     152
     197
     177
     172
     178
     204
     187
     172
     159
     160
     169
     169
     158
     139
     160
     170
     177
     145
     133
     161
     170
     153
     156
     171
     138
     165
     154
     176
     159
     141
     138
     160
     159
     134
     140
     140
     131
     165
     158
     155
     176
     141
     160
     165
     131
     171
     146
     143
     135
     149
     145
     136
     160
     129
     140
     162
     112
     121
     144
     131
     156
     111
     153
     155
     101
     131
     145
     155
     129
     126
     145
     146
     150
     135
     157
     132
     191
     134
     166
     138
     148
     130
     131
     118
     103
     127
     138
     124
     104
     142
     113
     115
     126
     115
     106
     118
     118
     133
     142
     123
     110
     145
     103
     104
     126
     157
     111
     142
     119
     146
     135
     144
     137
     132
     158
     156
     164
     170
     190
     173
     191
     212
     192
     191
     256
     259
     283
     338
     450
     523
     556
     672
     694
     562
     533
     446
     354
     401
     340
     379
     427
     496
     481
     553
     464
     393
     272
     225
     185
     130
     122
     108
     130
     122
     153
     134
     137
     106
     105
     123
     105
     108
     100
     108
     101
     108
     106
      84
      81
     100
     103
     110
     129
     118
      88
     111
     114
      97
      91
     105
      75
      92
     110
     107
     104
     100
      96
     108
      98
     119
     114
     107
     108
     113
     122
     104
     126
     141
     139
     133
     154
     156
     182
     146
     141
     130
     104
     110
      94
      96
      83
      93
      85
      98
      91
      82
      86
      88
      94
      85
      82
      90
      90
      61
     102
     102
      84
      76
      95
      91
     102
      93
     110
     100
      97
      86
     127
      93
      96
     115
     124
     126
     128
     158
     143
     146
     174
     218
     269
     287
     334
     351
     349
     294
     228
     177
     175
     104
     120
     100
     105
     102
      76
     101
      81
      66
      84
      66
      81
      84
      95
      87
      93
      72
      80
      77
     107
      86
     103
      77
      72
      90
      86
      79
      90
      93
      62
      68
      67
      62
      85
      71
      73
      88
      91
      76
      66
      79
      88
      66
      69
      73
     101
      83
      97
      82
      72
      60
      89
      66
      80
      69
      79
      74
      73
      78
      68
      94
      65
      72
      70
      86
      82
      86
      68
      66
      77
      74
      69
      72
      82
      65
      74
      89
      81
      67
      87
      82
     101
      88
     100
      84
     108
      98
      98
      83
      89
      85
      82
      71
      80
      86
      75
      95
      76
      75
      71
      77
      74
      83
      80
      77
      88
      74
      75
      51
      64
      65
      71
      64
      62
      63
      61
      91
      67
      86
      66
      85
     101
      74
      88
      70
      64
      91
      73
      68
      89
      72
      86
      93
      72
      87
      84
      80
      76
      99
      89
      86
     106
      66
      75
      81
      72
      82
      79
      72
      81
      64
      65
      75
      81
      84
      60
      85
      83
      87
      68
      93
      81
      61
      73
     105
      88
     106
      85
      98
     125
     105
     100
      94
      73
      87
      84
      87
      75
      62
      78
      69
      65
      72
      60
      74
      66
      85
      70
      65
      76
      78
      88
      61
      77
      77
      71
      86
      90
     101
     148
     110
     154
     157
     150
     152
     132
     115
     117
      93
      74
      94
      70
      60
      63
      68
      71
      61
      75
      58
      90
      67
      55
      55
      75
      72
      71
      70
      57
      68
      56
      69
      69
      66
      64
     102
      85
      66
      74
      81
      68
      81
      77
     103
      79
      55
      77
      81
      77
      84
      69
      51
      70
      77
      82
      74
      73
      83
      70
      60
      53
      56
      49
      66
      64
      76
      53
      72
      76
      64
      65
      76
      84
      67
      57
      76
      63
      69
      70
      78
      80
     104
     118
     110
      86
     104
      97
      79
      78
      86
      89
      54
      75
      54
      67
      54
      61
      64
      71
      52
      76
      64
      79
      69
      72
      70
      73
      66
      73
      49
      72
      53
      55
      74
      64
      72
      64
      55
      56
      62
      59
      48
      73
      59
      58
      44
      53
      63
      62
      58
      74
      71
      56
      60
      80
      52
      62
      74
      86
      82
      50
      59
      61
      56
      64
      76
      58
      63
      63
      52
      72
      69
      67
      66
      63
      58
      62
      62
      88
      72
      70
      72
      87
      64
      69
      54
      57
      66
      56
      58
      59
      73
      77
      58
      48
      65
      45
      66
      85
      74
      53
      66
      70
      53
      67
      90
      73
      56
      88
      56
      47
      62
      52
      49
      50
      50
      51
      55
      81
      54
      62
      60
      58
      62
      62
      65
      66
      54
      66
      63
      56
      48
      46
      54
      55
      71
      54
      49
      62
      52
      72
      78
      57
      50
      68
      45
      58
      79
      56
      66
      77
      85
      90
      80
     104
      87
      83
      65
      59
      51
      62
      58
      54
      51
      51
      54
      35
      62
      57
      60
      46
      61
      65
      65
      45
      55
      71
      57
      52
      51
      33
      46
      56
      44
      49
      43
      46
      49
      59
      53
      53
      46
      61
      45
      52
      57
      52
      42
      46
      44
      42
      44
      52
      42
      56
      51
      41
      45
      38
      47
      62
      53
      55
      39
      55
      51
      56
      47
      52
      50
      58
      68
      44
      57
      80
      66
      68
      53
      64
      63
      63
      70
      76
      85
      82
     146
      93
     112
     116
     100
     131
     126
     111
     101
      84
      61
      54
      52
      46
      41
      55
      51
      60
      62
      53
      43
      53
      58
      50
      65
      66
      45
      53
      48
      51
      69
      51
      54
      74
      60
      59
      68
      75
      70
      97
      66
      67
      76
      57
      55
      62
      42
      37
      36
      46
      57
      52
      56
      44
      41
      46
      60
      67
      55
      42
      50
      57
      58
      86
      75
      72
      78
      91
     100
     106
     122
     113
     113
      84
     104
     103
      70
      69
      72
      62
      32
      49
      48
      59
      36
      42
      47
      48
      43
      45
      47
      46
      29
      49
      47
      42
      39
      36
      54
      42
      51
      33
      28
      35
      45
      56
      48
      38
      45
      40
      39
      45
      33
      40
      52
      28
      53
      48
      46
      49
      62
      54
      51
      62
      44
      47
      38
      43
      45
      39
      50
      44
      49
      49
      47
      47
      44
      38
      53
      44
      42
      30
      44
      37
      40
      35
      49
      25
      45
      30
      51
      53
      32
      31
      51
      52
      52
      38
      38
      34
      26
      46
      47
      36
      41
      41
      40
      41
      32
      25
      40
      53
      33
      41
      31
      36
      53
      24
      34
      42
      42
      43
      34
      41
      26
      55
      28
      33
      52
      27
      30
      27
      44
      49
      47
      36
      29
      40
      40
      25
      35
      42
      31
      36
      29
      37
      36
      48
      40
      28
      34
      37
      35
      35
      27
      38
      38
      31
      37
      46
      54
      48
      47
      54
      43
      62
      68
      90
     114
      95
      86
      78
      56
      42
      52
      54
      42
      34
      35
      30
      28
      51
      31
      47
      36
      34
      41
      36
      28
      37
      20
      47
      23
      34
      30
      31
      22
      16
      34
      30
      22
      28
      31
      39
      31
      24
      31
      40
      33
      30
      21
      44
      39
      35
      23
      36
      36
      25
      30
      26
      35
      42
      26
      20
      42
      33
      41
      39
      29
      39
      35
      24
      40
      39
      42
      46
      42
      42
      39
      54
      48
      49
      59
      58
      62
      48
      59
      25
      32
      28
      23
      29
      21
      25
      37
      26
      34
      17
      17
      16
      22
      23
      23
      32
      24
      22
      22
      23
      23
      35
      20
      28
      37
      23
      32
      21
      32
      22
      30
      18
      27
      20
      25
      26
      18
      24
      32
      32
      41
      31
      32
      33
      10
      39
      24
      15
       7
      25
      23
      20
      36
      31
      28
      31
      26
      28
      25
      34
      35
      32
      42
      33
      24
      30
      36
      28
      30
      40
      42
      29
      49
      60
      54
      58
      76
     106
      98
      95
     104
      87
      66
      60
      41
      34
      36
      28
      25
      33
      26
      25
      26
      24
      22
      33
      23
      20
      20
      24
      23
      17
      25
      23
      17
      20
      25
      15
      24
      17
      17
      31
      32
      17
      20
      29
      25
      13
      32
      21
      21
      28
      22
      26
      31
      31
      12
      16
      17
      19
      18
      23
      25
      18
      17
      14
      33
      24
      18
      26
      30
      13
      29
      30
      43
      18
      31
      23
      26
      23
      23
      36
      26
      25
      15
      25
      18
      18
      29
      22
      18
      16
      19
      19
      14
      14
      31
      20
      21
      19
      24
      33
      15
      28
      20
      29
      19
      21
      17
      16
      27
      22
      11
      33
      23
      24
      17
      11
      24
      23
      27
      19
      16
      24
      21
      20
      18
      14
       9
      33
      17
      22
      10
      20
      17
      17
      25
      33
      12
      16
      18
      12
      13
      10
      15
      15
      21
      21
      18
      19
      21
      18
      17
      24
      16
      21
      15
      17
      11
      23
      20
      20
      15
      19
      23
      26
      14
      22
      20
      21
      19
      17
      11
      17
      27
      15
      28
      18
      19
      21
      26
      10
      15
      21
      19
       7
      13
      26
      20
      10
      11
      18
      13
      13
      12
      11
      23
      22
      12
       4
      10
      20
      17
       9
      12
      14
      17
      12
      12
      10
      12
       7
      17
      13
      17
      11
      36
      22
      18
      24
      16
      28
      28
      30
      21
      19
      25
      20
      40
      45
      37
      34
      51
      39
      47
      53
      49
      42
      27
      24
      10
      13
      16
      16
       5
      14
      17
      17
      17
      23
      11
      13
      15
      31
      17
      15
      14
      24
      11
      16
      15
      10
      12
       8
       9
      10
      30
       7
      10
      11
      12
      13
      11
      11
      11
      16
      10
      11
      13
      11
      13
      15
      10
      11
      11
       7
      13
      10
      14
      14
      14
      10
       9
      16
       7
      16
      12
      10
       7
      11
      23
       8
      11
      13
      13
      12
      11
       5
      16
       6
      11
      12
      13
       7
      13
      11
       9
       5
      13
       5
      16
      13
      14
      14
      23
      14
       8
       8
       4
      15
      15
      21
      26
      14
      11
      13
      23
      13
      11
      17
      12
       5
      13
       9
      14
      18
       8
      10
       6
       5
       9
      16
       5
      14
      14
      13
       9
      10
       9
      10
       9
      12
      16
      13
       9
      16
       7
       5
      11
      12
      14
      18
      16
      13
       6
       9
       7
      12
       9
      10
      17
      12
      19
      19
      16
      10
      12
       9
      13
      11
      13
      27
       5
       4
       7
      17
       8
       7
       6
      14
      14
      10
       9
       8
       7
       9
      14
       9
      15
       5
      16
      14
      15
       3
      17
       9
      18
      10
       7
       9
       8
       8
       4
      11
       9
       7
       6
       6
      15
      14
       7
      11
       7
      21
      11
      19
       5
      14
       9
       7
      14
      12
      17
      10
       8
       5
      13
      22
       9
       3
       7
       7
      10
       8
      10
      10
      14
       9
      19
      22
       6
      12
      11
      13
       7
       8
      19
       7
       7
       8
      12
      13
      16
       4
       5
      10
      10
      11
       6
       4
      11
      11
       6
       8
      12
       5
       9
       3
       7
      10
       5
       9
       6
      10
       1
      15
       7
       5
      10
       8
       6
      10
       8
       6
       9
      11
      12
      11
       4
       7
      14
      11
       7
       7
       5
       9
      14
      14
       7
       9
       5
      18
       7
      21
      10
       8
      18
       8
       8
       5
       3
      19
      11
       5
       9
      11
      12
      11
       9
      11
      18
      13
       3
      13
       7
      11
      19
      13
      17
      18
      12
      10
      12
      21
      14
      11
       9
       6
       6
       9
       6
       5
       8
       9
       6
      13
       8
      10
       4
       5
       6
      13
      12
       9
       7
       6
      14
       3
      15
       3
       9
       2
      10
      13
       6
      11
       5
      10
       8
      13
      10
       7
       5
       9
      11
      10
       5
       5
       9
       7
       3
      17
       9
      15
      10
       9
       5
       7
      14
       6
      11
      17
      12
      16
      14
      18
      14
      14
      33
      13
      22
      16
      11
      13
      13
       7
      14
       6
      11
       9
       4
       3
       9
       5
       5
      12
      10
       9
       8
      10
      14
      12
       5
      13
       6
      15
      11
      14
      14
       6
       5
      10
       9
      11
      15
       3
      13
      11
       7
       5
      16
      11
      13
       7
      15
      11
      11
       7
       9
      15
      18
       4
      11
      11
       9
       8
      15
      13
      11
       4
      10
      11
      26
      15
      15
      19
      16
      16
      14
      17
      17
      16
      13
      17
      21
      29
      25
      15
      27
      29
      17
      28
      29
      35
      36
      39
      35
      40
      24
      34
      49
      47
      44
      51
      45
      41
      39
      58
      42
      46
      57
      58
      52
      49
      53
      59
      65
      57
      97
      61
      50
      53
      37
      51
      60
      52
      69
     214
     247
      65
      70
      69
      62
      55
      67
      66
      60
      74
      82
      72
      60
      59
      67
      74
      69
      67
      33
      54
      41
      36
      13
      40
      31
     109
     213
      44
      17
      27
      14
      19
       8
      14
      15
       8
      11
      15
      15
      16
       8
      13
      17
      10
      12
      11
       9
      24
      13
      11
      19
       6
      12
      11
      13
      10
       6
      12
      11
      15
      13
      11
      13
      12
       9
       9
      11
      10
      19
      10
       6
      13
      14
       9
      14
       2
      15
      19
      13
      10
      21
      32
      29
      29
      25
      28
      38
      47
      40
      49
      71
      73
      77
     119
     157
     186
     102
      61
      90
     396
      46
       0
       0
       0
       0
       0
       0
       0
       0
       0
       0
       0
       0
       0
       0
       0
       0
       0
       0
       0
       0
       0
       0
       0
       0
       0
       0
       0
       0
       0
       0
       0
       0
       0
       0
       0
       0
       0
       0
       0
       0
       0
       0
       0
       0
       0
       0
       0
       0
       0
       0
       0
       0
       0
       0
       0
       0
       0
       0
       0
       0
       0
       0
       0
       0
       0
       0
       0
       0
       0
       0
       0
       0
       0
       0
       0
       0
       0
       0
       0
       0
       0
       0
       0
       0
       0
       0
       0
       0
       0
       0
       0
       0
       0
       0
       0
       0
       0
       0
       0
       0
       0
       0
       0
       0
       0
       0
       0
       0
       0
       0
       0
       0
       0
       0
       0
       0
       0
       0
       0
       0
       0
       0
       0
       0
       0
       0
       0
       0
       0
       0
       0
       0
       0
       0
       0
       0
       0
       0
       0
       0
       0
       0
       0
       0
       0
       0
       0
       0
       0
       0
       0
       0
       0
       0
       0
       0
       0
       0
       0
       0
       0
       0
       0
       0
       0
       0
       0
       0
       0
       0
       0
       0
       0
       0
       0
       0
       0
       0
       0
       0
       0
       0
       0
       0
       0
       0
       0
       0
       0
       0
       0
       0
       0
       0
       0
       0
       0
       0
       0
       0
       0
       0
       0
       0
       0
       0
       0
       0
       0
       0
       0
       0
       0
       0
       0
       0
       0
       0
       0
       0
       0
       0
       0
       0
       0
       0
       0
       0
       0
       0
       0
       0
       0
       0
       0
       0
       0
       0
       0
       0
       0
       0
       0
       0
       0
       0
       0
       0
       0
       0
       0
       0
       0
       0
       0
       0
       0
       0
       0
       0
       0
       0
       0
       0
       0
       0
       0
       0
       0
       0
       0
       0
       0
       0
       0
       0
       0
       0
       0
       0
       0
       0
       0
       0
       0
       0
       0
       0
       0
       0
       0
       0
       0
       0
       0
       0
       0
       0
       0
       0
       0
       0
       0
       0
       0
       0
       0
       0
       0
       0
       0
       0
       0
       0
       0
       0
       0
       0
       0
       0
       0
       0
       0
       0
       0
       0
       0
       0
       0
       0
       0
       0
       0
       0
       0
       0
       0
       0
       0
       0
       0
       0
       0
       0
       0
       0
       0
       0
       0
       0
       0
       0
       0
       0
       0
       0
       0
       0
       0
       0
       0
       0
       0
       0
       0
       0
       0
       0
       0
       0
       0
       0
       0
       0
       0
       0
       0
       0
       0
       0
       0
       0
       0
       0
       0
       0
       0
       0
       0
       0
       0
       0
       0
       0
       0
       0
       0
       0
       0
       0
       0
       0
       0
       0
       0
       0
       0
       0
       0
       0
       0
       0
       0
       0
       0
       0
       0
       0
       0
       0
       0
       0
       0
       0
       0
       0
       0
       0
       0
       0
       0
       0
       0
       0
       0
       0
       0
       0
       0
       0
       0
       0
       0
       0
       0
       0
       0
       0
       0
       0
       0
       0
       0
       0
       0
       0
       0
       0
       0
       0
       0
       0
       0
       0
       0
       0
       0
       0
       0
       0
       0
       0
       0
       0
       0
       0
       0
       0
       0
       0
       0
       0
       0
       0
       0
       0
       0
       0
       0
       0
       0
       0
       0
       0
       0
       0
       0
       0
       0
       0
       0
       0
       0
       0
       0
       0
       0
       0
       0
       0
       0
       0
       0
       0
       0
       0
       0
       0
       0
       0
       0
       0
       0
       0
       0
       0
       0
       0
       0
       0
       0
       0
       0
       0
       0
       0
       0
       0
       0
       0
       0
       0
       0
       0
       0
       0
       0
       0
       0
       0
       0
       0
       0
       0
       0
       0
       0
       0
       0
       0
       0
       0
       0
       0
       0
       0
       0
       0
       0
       0
       0
       0
       0
       0
       0
       0
       0
       0
       0
       0
       0
       0
       0
       0
       0
       0
       0
       0
       0
       0
       0
       0
       0
       0
       0
$ROI:
0
$PRESETS:
Real Time
2000
0
$ENER_FIT:
-24.891258 1.368303
$MCA_CAL:
3
-2.489126E+001 1.368303E+000 0.000000E+000
$SHAPE_CAL:
3
1.599615E+001 -1.363550E-002 0.000000E+000
