$DATA:
0 8191
       0
       0
       0
       0
       0
       0
       0
       0
   70846
   45801
     365
     261
     241
     220
     201
     328
    2765
    8365
   13929
   20065
   28263
   40394
   55447
   71137
   82805
   85733
   86354
  154348
  528030
  324790
  309572
  354105
  422817
  499518
  571393
  644320
  710083
  770409
  806510
  837132
  861185
  878179
  889060
  899582
  959953
 1139721
 1148833
  960160
  891142
  880609
  872751
  863715
  864395
  904958
  925705
  948824
  882593
  785012
  751361
  734138
  721187
  706887
  694116
  680917
  668629
  657045
  640349
  624984
  614479
  602091
  589333
  579352
  567652
  555647
  542441
  531869
  523595
  510514
  502143
  491801
  483921
  473731
  465834
  457184
  450398
  441081
  433598
  424401
  417616
  410044
  403149
  396362
  389232
  382819
  376007
  369297
  365603
  364078
  354671
  345813
  338773
  333733
  329518
  322695
  319246
  313406
  307896
  305100
  305203
  348502
  477026
  479367
  333381
  278389
  270812
  266895
  262044
  257772
  254893
  251654
  246134
  244042
  240925
  236457
  235995
  241094
  236323
  225555
  220642
  217481
  214992
  212223
  209746
  207576
  204617
  203203
  201560
  201518
  195929
  193995
  190502
  193081
  196223
  189698
  181525
  177324
  175360
  173219
  170571
  169457
  167116
  166244
  168471
  208977
  322922
  334161
  208258
  156424
  150178
  148559
  146878
  143777
  143523
  142627
  140627
  140297
  138222
  136640
  135359
  132241
  131690
  129717
  128894
  127586
  126254
  125048
  124559
  123279
  123551
  122048
  119907
  119277
  117518
  116201
  115276
  114125
  113943
  112335
  111169
  110761
  108883
  108867
  107280
  106404
  106209
  106756
  105321
  103244
  102158
  100411
   99188
   98631
   97204
   96008
   95548
   94590
   94066
   93004
   92387
   91370
   90560
   89093
   88543
   87977
   88391
   87221
   85459
   84956
   83505
   83421
   83079
   81459
   80461
   80042
   79796
   79374
   78197
   77722
   77751
   77522
   76368
   75161
   74624
   73518
   73286
   72669
   71975
   70907
   71484
   70095
   69695
   69226
   68246
   67634
   67340
   66683
   65653
   65921
   65461
   66162
   66933
   65729
   64517
   63676
   63128
   66144
   73057
   72270
   63959
   60271
   60122
   59760
   58953
   58030
   57617
   56426
   55793
   55573
   56256
   60701
   68519
   65463
   56755
   52584
   53080
   52635
   51490
   51026
   51157
   50995
   51563
   52554
   51219
   49424
   48956
   48550
   48183
   47814
   48007
   47308
   47309
   47632
   46337
   46193
   45977
   45597
   44959
   45112
   45127
   44570
   44681
   44190
   43824
   43520
   43196
   43037
   42852
   42737
   42487
   41901
   41729
   41883
   41581
   41077
   42329
   41617
   41152
   40040
   40200
   39893
   39423
   39417
   39519
   39302
   39326
   38451
   38195
   38364
   38497
   37458
   37801
   37612
   37600
   37751
   39561
   43132
   43791
   38939
   37024
   36147
   35872
   35843
   35323
   35271
   35232
   34764
   34731
   35027
   34791
   35030
   34879
   34167
   33960
   34155
   34381
   34488
   33973
   33522
   35447
   40473
   48214
   50780
   48974
   48547
   48087
   47112
   46089
   44791
   42673
   38422
   34218
   31551
   30171
   30495
   30288
   30255
   30333
   30368
   29561
   30044
   31096
   31975
   30963
   29988
   30099
   31246
   33456
   44205
   75344
  111336
  109166
   70061
   41203
   39865
   46378
   38118
   28226
   25657
   25517
   25099
   25316
   25205
   25369
   24932
   25208
   25378
   24825
   24692
   24534
   24572
   24712
   24873
   24632
   24315
   24245
   23894
   24172
   24089
   23851
   23642
   23771
   23661
   23599
   23771
   23826
   23511
   23345
   23149
   23347
   23165
   23474
   23112
   22878
   23246
   23517
   22750
   22551
   22863
   22998
   22850
   22541
   22270
   22559
   22907
   23468
   23817
   22682
   21773
   21744
   21523
   21511
   22752
   25488
   27579
   26081
   22515
   21394
   21225
   21134
   20832
   21118
   21529
   21802
   21588
   20982
   20546
   20675
   20371
   20304
   20151
   20041
   20180
   20323
   20004
   19850
   20114
   19770
   20356
   20042
   19972
   20255
   20225
   19958
   19497
   19543
   19743
   19486
   19238
   19283
   19120
   19661
   19046
   19027
   19117
   19273
   18846
   18963
   18795
   18784
   18959
   18513
   18499
   18661
   18421
   18431
   18537
   18250
   18386
   18043
   18260
   18526
   18470
   18200
   18279
   18202
   17808
   18141
   17716
   17770
   18051
   17966
   17902
   17874
   18077
   19346
   21810
   21801
   19042
   17717
   17762
   17270
   17207
   17045
   17332
   17001
   17206
   17668
   18314
   18351
   17887
   17779
   17259
   16901
   16735
   16727
   16399
   16736
   16400
   16371
   16602
   16457
   16205
   16645
   16614
   16565
   16293
   16253
   16332
   16751
   17401
   17378
   16580
   16167
   16275
   16167
   15920
   16152
   16097
   16105
   16440
   15816
   15837
   15549
   15642
   15803
   15758
   15472
   15632
   15707
   15472
   15489
   15245
   15522
   15670
   15775
   15749
   15185
   15360
   15154
   14913
   15639
   16311
   16244
   15972
   16009
   19115
   25120
   29186
   28560
   21979
   15737
   14604
   14608
   14594
   14610
   14436
   14623
   14226
   14226
   14417
   14418
   14195
   14825
   14930
   15005
   15048
   14705
   14296
   14473
   14461
   14095
   14295
   14114
   13883
   14094
   13890
   13982
   13952
   13963
   14589
   14452
   14632
   14714
   14263
   14416
   14387
   14146
   15312
   16633
   18823
   18534
   16129
   14894
   14261
   13493
   13500
   13571
   13533
   13342
   13404
   13311
   13510
   13720
   13543
   13687
   13730
   14096
   14566
   15242
   14755
   14104
   13559
   13184
   13152
   13346
   13223
   13278
   13321
   13223
   13233
   13120
   13095
   13086
   12705
   12892
   12890
   12942
   13288
   13617
   15053
   16833
   15492
   13809
   13029
   12859
   12694
   12620
   12580
   12608
   12712
   12911
   12490
   13042
   12699
   13140
   12827
   12701
   13160
   13148
   12806
   12334
   12568
   12416
   12536
   12638
   12417
   12338
   12789
   12641
   12606
   12669
   12602
   12485
   13113
   14734
   15806
   14158
   12538
   12375
   12105
   12003
   11895
   12260
   12099
   12121
   12180
   12358
   13123
   14101
   13941
   12663
   11991
   11758
   11658
   11831
   11803
   11803
   11914
   12116
   12926
   13085
   12062
   11584
   11597
   11749
   11364
   11672
   11695
   11623
   11403
   11338
   11431
   11586
   11567
   11573
   11690
   12160
   11630
   11454
   11732
   11733
   11366
   11271
   11315
   11515
   11603
   11834
   12884
   12876
   12382
   12139
   12785
   12053
   11472
   11213
   11138
   11010
   11116
   10747
   11219
   10968
   10816
   11070
   11388
   11165
   10885
   11078
   11216
   11192
   10912
   10806
   10929
   10810
   10895
   10789
   10540
   10627
   10528
   10192
   10336
   10338
   10034
   10430
   10199
   10563
   10424
   10823
   10487
   10400
   10054
    9999
   10167
    9955
   10149
    9845
    9953
   10301
   10125
   10117
    9832
    9874
    9753
    9995
   10111
   10000
    9926
    9914
    9965
   10565
   10765
   10901
   10233
   10202
   10119
    9956
   10017
   10131
   11150
   11655
   10446
    9722
    9614
    9590
    9955
   10109
   10973
   10838
   10692
    9865
    9538
    9457
    9295
    9398
    9710
   10029
   10731
   10395
    9773
    9465
    9161
    9532
    9744
   10006
    9872
    9385
    9322
    9301
    9058
    9176
    9304
    8978
    9371
    9511
    9577
    9234
    9295
    9554
   10015
   11315
   16059
   23584
   25333
   17017
   10898
    9463
    9548
    9472
    8974
    8742
    8708
    8615
    8788
    8909
    9154
    9327
   10372
   11452
   11982
   10986
    9508
    8727
    8530
    8616
    8679
    8724
    9206
    9749
   10031
   10479
   10085
    9505
    9118
    8531
    8501
    8536
    8358
    8518
    8347
    8354
    8577
    8506
    8385
    8729
    8431
    8630
    8277
    8508
    8358
    8295
    8365
    8575
    8679
    8502
    8277
    8342
    8531
    8606
    8366
    8330
    8449
    8555
    8163
    8444
    8297
    8236
    8494
    8390
    8080
    8408
    8857
    9651
   14497
   28367
   48932
   49077
   26871
   12095
    8410
    7803
    8072
    8065
    8031
    8115
    7955
    7887
    8048
    8028
    7983
    7741
    7713
    7846
    7676
    7461
    7713
    7752
    7477
    7774
    7737
    7878
    7884
    8178
    8286
    8108
    8044
    8097
    7841
    7529
    7765
    7739
    7648
    7623
    7654
    7649
    7512
    7651
    7637
    7578
    7748
    7799
    8148
    8515
    8274
    8609
    8519
    7981
    7795
    7585
    7668
    7385
    7497
    7400
    7412
    7570
    7536
    7505
    7488
    7608
    7641
    7589
    7677
    7659
    7545
    7443
    7333
    7690
    8242
    8116
    7758
    7312
    7225
    7240
    7466
    7820
    8211
    8437
    8136
    7728
    7823
    7427
    7554
    7478
    7956
    8379
    8640
    8839
    8038
    7481
    7231
    7248
    7077
    7280
    7232
    7073
    7335
    7311
    7141
    7076
    7168
    7412
    7375
    7240
    7418
    7315
    7269
    7270
    7154
    7258
    7173
    7130
    7417
    7172
    7120
    7186
    7125
    7135
    7201
    6965
    6995
    7308
    7210
    7043
    7430
    7596
    7510
    7373
    7338
    7541
    7498
    7443
    7155
    7041
    6919
    6925
    7304
    7290
    7253
    7018
    7030
    7120
    7303
    7024
    7183
    7280
    7336
    7733
    7963
    7748
    7240
    7023
    7073
    7072
    6988
    7047
    6963
    6833
    6913
    6914
    6920
    6990
    6708
    6937
    6844
    6900
    7077
    6907
    6859
    7087
    6808
    6724
    6904
    7100
    7091
    7028
    7037
    6800
    6870
    6884
    6771
    6959
    6768
    6718
    6858
    6918
    6994
    6909
    6882
    6944
    6990
    6771
    6716
    6715
    6658
    6778
    6820
    6761
    6828
    6946
    6838
    6697
    6612
    6756
    6532
    6650
    6496
    6805
    6601
    6745
    6630
    6723
    6735
    6692
    6739
    6647
    6845
    6795
    6879
    6735
    6577
    6550
    6720
    6708
    6502
    6637
    6776
    6794
    6602
    6561
    6626
    6530
    6428
    6455
    6552
    6509
    6676
    6739
    6603
    6637
    7049
    6849
    6878
    6573
    6471
    6520
    6447
    6647
    6785
    7100
    7629
    8373
    8198
    7042
    6427
    6562
    6326
    6502
    7115
    8316
    9571
    9170
    7573
    6766
    6311
    6576
    6548
    6639
    6619
    6617
    6794
    6769
    6788
    6493
    6607
    6621
    6835
    6703
    6651
    6585
    6702
    6721
    6731
    6532
    6580
    6625
    6556
    6529
    6606
    6349
    6484
    6451
    6503
    6349
    6478
    6360
    6279
    6428
    6447
    6469
    6372
    6460
    6427
    6499
    6512
    6667
    6483
    6642
    6758
    6937
    7001
    6807
    6673
    6493
    6475
    6525
    6454
    6472
    6528
    6243
    6424
    6283
    6731
    6670
    6663
    6479
    6387
    6418
    6324
    6645
    6602
    6798
    7432
    8683
   10215
   10423
    9166
    7586
    6539
    6416
    6249
    6528
    6888
    7852
    9118
    9647
    8401
    7084
    6522
    6610
    6551
    6212
    6086
    6267
    6260
    6362
    6280
    6334
    6228
    6390
    6329
    6126
    6089
    6280
    6055
    6263
    6166
    6189
    6382
    6153
    6156
    6362
    6297
    6146
    6174
    6217
    6123
    6194
    6185
    6111
    6213
    6339
    6746
    7998
   10086
   11537
    9631
    7375
    6411
    6191
    6229
    6155
    6205
    6078
    6082
    6094
    5827
    6121
    5951
    5926
    6129
    5954
    6166
    6177
    5973
    6238
    6062
    6072
    6083
    6379
    6263
    6115
    6026
    5894
    5958
    5911
    6027
    6004
    6057
    5926
    6115
    5991
    6118
    6159
    6078
    6157
    5982
    6034
    5951
    6141
    6069
    5986
    5924
    6069
    6090
    6135
    5957
    5980
    6031
    6016
    5880
    6188
    5924
    6336
    6267
    6072
    6019
    5908
    5944
    5983
    5942
    5973
    6028
    5951
    6019
    6016
    6017
    6139
    5869
    6096
    6141
    5982
    6205
    6623
    6814
    7076
    6455
    6064
    5897
    5872
    5919
    5955
    5998
    5962
    5985
    5911
    6079
    6021
    6006
    5848
    6017
    5994
    6031
    5947
    5807
    6067
    6072
    6164
    6110
    6117
    6024
    6048
    5962
    5886
    5853
    6039
    6035
    6177
    6073
    6000
    5988
    6170
    6291
    6238
    6278
    6406
    6927
    7767
    7876
    7594
    6929
    6983
    8447
   11273
   14340
   13499
    9788
    7414
    7503
    9428
   11149
   11098
    8724
    6935
    6397
    6409
    6188
    6223
    6098
    6145
    6200
    6082
    6027
    6182
    6122
    6041
    6171
    6072
    6194
    5890
    6168
    6084
    6072
    5984
    5886
    5799
    5924
    6036
    5788
    5979
    5850
    6088
    6117
    6067
    5903
    5687
    5699
    5645
    5733
    5724
    5629
    5445
    5503
    5480
    5357
    5392
    5530
    5601
    5520
    5413
    5439
    5416
    5297
    5449
    5428
    5557
    5592
    5620
    5412
    5439
    5356
    5500
    5526
    5386
    5181
    5326
    5251
    5021
    5176
    5005
    5101
    5130
    4950
    5093
    5032
    5079
    4948
    5102
    4996
    5090
    5010
    5168
    5123
    5034
    5141
    5222
    5173
    5294
    5206
    4918
    4890
    4742
    4664
    4847
    4873
    4878
    4702
    4830
    5098
    5019
    5346
    5268
    4919
    4712
    4649
    4447
    4531
    4638
    4627
    4670
    4550
    4467
    4635
    4610
    4669
    4565
    4688
    4458
    4392
    4258
    4346
    4414
    4323
    4346
    4466
    4463
    4441
    4478
    4662
    4624
    4528
    4554
    4311
    4327
    4539
    4411
    4488
    4194
    4326
    4261
    4265
    4320
    4332
    4252
    4167
    4409
    4406
    4360
    4622
    4372
    4393
    4147
    4213
    4255
    4433
    4565
    4307
    4367
    4381
    4198
    4379
    4121
    4207
    4231
    4215
    4313
    4445
    4377
    4351
    4222
    4268
    4369
    4341
    4212
    4199
    4409
    4373
    4275
    4297
    4335
    4446
    4370
    4374
    4272
    4374
    4210
    4251
    4531
    4399
    4319
    4362
    4472
    4566
    5224
    6017
    8772
   17063
   36071
   62556
   71615
   49416
   21059
    7876
    4382
    3956
    3851
    3851
    3957
    3823
    3917
    3877
    3829
    3906
    4018
    3912
    3909
    3799
    3820
    3770
    3836
    3876
    3952
    3838
    3721
    3798
    3938
    3920
    3908
    4075
    3794
    3859
    3811
    3872
    3883
    3914
    4045
    3996
    3863
    3927
    3887
    3929
    3808
    3859
    3926
    3930
    3828
    3885
    3757
    3829
    4061
    3815
    3706
    3724
    3756
    3694
    3550
    3866
    3627
    3594
    3724
    3655
    3639
    3719
    3698
    3733
    3971
    4012
    3774
    3736
    3682
    3732
    3672
    3683
    3661
    3723
    3784
    3625
    3644
    3701
    3537
    3647
    3614
    3595
    3648
    3522
    3646
    3668
    3707
    3714
    3590
    3514
    3672
    3585
    3773
    3835
    3878
    3749
    3784
    3661
    3449
    3603
    3537
    3666
    3686
    3557
    3764
    3575
    3674
    3530
    3683
    3588
    3615
    3535
    3588
    3671
    3747
    3767
    3894
    3763
    3650
    3633
    3582
    3521
    3497
    3583
    3450
    3599
    3453
    3494
    3369
    3443
    3495
    3449
    3497
    3419
    3621
    3493
    3547
    3490
    3501
    3425
    3546
    3488
    3440
    3546
    3626
    3541
    3638
    3491
    3584
    3522
    3545
    3601
    3471
    3346
    3419
    3369
    3488
    3416
    3384
    3369
    3528
    3340
    3538
    3408
    3493
    3479
    3495
    3599
    3478
    3350
    3490
    3474
    3394
    3543
    3390
    3453
    3394
    3415
    3436
    3630
    3684
    3580
    3686
    3838
    3770
    3516
    3404
    3531
    3316
    3302
    3326
    3388
    3434
    3538
    3469
    3472
    3348
    3388
    3594
    3517
    3614
    3303
    3505
    3454
    3473
    3446
    3338
    3442
    3336
    3410
    3450
    3385
    3503
    3320
    3514
    3514
    3400
    3389
    3508
    3657
    3649
    3625
    3635
    3483
    3347
    3524
    3443
    3535
    3436
    3320
    3346
    3340
    3452
    3540
    3447
    3415
    3274
    3414
    3205
    3277
    3342
    3478
    3433
    3430
    3489
    3518
    3426
    3385
    3217
    3357
    3312
    3269
    3291
    3364
    3140
    3308
    3387
    3287
    3251
    3244
    3355
    3462
    3239
    3509
    3354
    3469
    3255
    3259
    3292
    3244
    3270
    3286
    3374
    3313
    3479
    3271
    3300
    3291
    3252
    3259
    3310
    3374
    3388
    3400
    3365
    3371
    3281
    3319
    3270
    3307
    3287
    3414
    3333
    3397
    3390
    3267
    3340
    3460
    3217
    3363
    3177
    3170
    3154
    3124
    3210
    3070
    3236
    3146
    3139
    3152
    3256
    3211
    3217
    3106
    3191
    3272
    3217
    3237
    3217
    3169
    3324
    3489
    3507
    3586
    3911
    4356
    4711
    4959
    4448
    4044
    3478
    3404
    3283
    3234
    3228
    3349
    3398
    3721
    3878
    3647
    3427
    3252
    3439
    3224
    3276
    3159
    3069
    3172
    3172
    3167
    3204
    3189
    3279
    3290
    3320
    3388
    3254
    3199
    3164
    3177
    3141
    3302
    3247
    3193
    3239
    3258
    3078
    3131
    3085
    3252
    3213
    3479
    3649
    3459
    3428
    3156
    3214
    3165
    3083
    3061
    3243
    3077
    3220
    3146
    3220
    3264
    3136
    3175
    3211
    3155
    2996
    3191
    3145
    3292
    3368
    3609
    3820
    3813
    3371
    3203
    3024
    3029
    3126
    2969
    3270
    3101
    3109
    3200
    2969
    3150
    3054
    3005
    3052
    3233
    3048
    3124
    3109
    3077
    3031
    3020
    3013
    3314
    3132
    3141
    3043
    3056
    3039
    3242
    3209
    3280
    3107
    3321
    3446
    3256
    3163
    3070
    3204
    3028
    3115
    3255
    3234
    3220
    3137
    3136
    3003
    3130
    3071
    3231
    3195
    3083
    3205
    3107
    3015
    3099
    3221
    3288
    3337
    3425
    3220
    3216
    3065
    3195
    3054
    3133
    3321
    3418
    3263
    3321
    2962
    3047
    3098
    3111
    2965
    3131
    3031
    2966
    3403
    3823
    4424
    4713
    4423
    3569
    3318
    3174
    3062
    3112
    3184
    3274
    3134
    3092
    3065
    3090
    2990
    2932
    3020
    2938
    3006
    3149
    2995
    2947
    2938
    3000
    3111
    3146
    3159
    3003
    3067
    2897
    3008
    2866
    3082
    2991
    2954
    2911
    2813
    2847
    3043
    2979
    2950
    2990
    3000
    2911
    2958
    3070
    3138
    2962
    3019
    2968
    3074
    3081
    3034
    2956
    3024
    2945
    3016
    2981
    2953
    2952
    2915
    2914
    2971
    2905
    2978
    2911
    3056
    2951
    3026
    3079
    3175
    2986
    3099
    3118
    3087
    2988
    2825
    2870
    2957
    2915
    2932
    3010
    3180
    3209
    3170
    3143
    3005
    2997
    2957
    2840
    2925
    2932
    2803
    2900
    2988
    3037
    2842
    3035
    3181
    3116
    3084
    3047
    2864
    2889
    3102
    2905
    2866
    2875
    2995
    2921
    2795
    2801
    3000
    3007
    3181
    3180
    3148
    3032
    2985
    3073
    3016
    2909
    3095
    3065
    3241
    3096
    3113
    2952
    2900
    2982
    2863
    2869
    2761
    2824
    2723
    2674
    2742
    2797
    2886
    2896
    2872
    2838
    2889
    2809
    2895
    2923
    2943
    3136
    3493
    3836
    3781
    3408
    3102
    2795
    2850
    2813
    2901
    2681
    2901
    2720
    2786
    2721
    2782
    2787
    2802
    2825
    2812
    2909
    3002
    3088
    3046
    2980
    2971
    2864
    2685
    2815
    2689
    2836
    2853
    2900
    2865
    3074
    2797
    2950
    2815
    2712
    2918
    2882
    2681
    2867
    2876
    2949
    2790
    2779
    2745
    2746
    2713
    2717
    2871
    2766
    2717
    2642
    2747
    2838
    2748
    2699
    2748
    2657
    2729
    2728
    2637
    2709
    2716
    2763
    2783
    2756
    2815
    2687
    2806
    2730
    2802
    2719
    2883
    2832
    2726
    2828
    2901
    3149
    3405
    3994
    4799
    5837
    7019
    7623
    6899
    5293
    3912
    3291
    2776
    2785
    2840
    2773
    2919
    2898
    2943
    2815
    2831
    2728
    2813
    2804
    2657
    2746
    2879
    2662
    2791
    2746
    2742
    2706
    2770
    2734
    2823
    2760
    2729
    2678
    2863
    2675
    2850
    2786
    2862
    2898
    2917
    2821
    2770
    2792
    2822
    2684
    2716
    2725
    2748
    2853
    2789
    2792
    2762
    2908
    2901
    2742
    2662
    2770
    2762
    2770
    2828
    2634
    2706
    2808
    2700
    2663
    2736
    2687
    2803
    2679
    2800
    2883
    2861
    3042
    2959
    2896
    2976
    2798
    2710
    2804
    2682
    2772
    2715
    2747
    2712
    2703
    2755
    2740
    2674
    2810
    2734
    2821
    2798
    2701
    2734
    2632
    2761
    2600
    2681
    2849
    2749
    2720
    2650
    2793
    2731
    2809
    2712
    2705
    2666
    2851
    2722
    2911
    2782
    2681
    2733
    2715
    2685
    2664
    2730
    2709
    2606
    2913
    3009
    2902
    2838
    2795
    2802
    2683
    2803
    2887
    2804
    2783
    2903
    2773
    2775
    2711
    2852
    2779
    2788
    2671
    2812
    2876
    2860
    2752
    2672
    2749
    2712
    2730
    2673
    2754
    2739
    2847
    2927
    2853
    2842
    2837
    2853
    2635
    2773
    2735
    2787
    2784
    2675
    2726
    2739
    2894
    2705
    2655
    2700
    2728
    2867
    2741
    2691
    2699
    2693
    2740
    2775
    2823
    2748
    2734
    2841
    2752
    3100
    3209
    3099
    3087
    2903
    2803
    2806
    2671
    2648
    2692
    2810
    2790
    2844
    3097
    3071
    2917
    2817
    2993
    3195
    3094
    3250
    2943
    2798
    2679
    2730
    2708
    2520
    2540
    2607
    2728
    2579
    2524
    2538
    2520
    2410
    2507
    2501
    2604
    2587
    2597
    2633
    2586
    2594
    2684
    2575
    2569
    2562
    2447
    2568
    2454
    2446
    2505
    2456
    2632
    2651
    2535
    2633
    2651
    2464
    2503
    2480
    2456
    2434
    2515
    2448
    2495
    2507
    2601
    2551
    2704
    2674
    2440
    2618
    2434
    2562
    2434
    2517
    2399
    2459
    2434
    2318
    2442
    2347
    2370
    2388
    2431
    2380
    2325
    2395
    2561
    2615
    2732
    2626
    2915
    3084
    3467
    3690
    3489
    2996
    2585
    2334
    2310
    2346
    2402
    2299
    2349
    2271
    2352
    2345
    2323
    2374
    2343
    2452
    2358
    2369
    2405
    2338
    2251
    2339
    2234
    2274
    2212
    2204
    2216
    2104
    2158
    2189
    2215
    2229
    2153
    2254
    2233
    2239
    2326
    2327
    2167
    2262
    2196
    2130
    2159
    2165
    2278
    2168
    2071
    2196
    2196
    2275
    2197
    2207
    2189
    2237
    2059
    2253
    2126
    2131
    2131
    2045
    2129
    2113
    2100
    2260
    2079
    2185
    2108
    2178
    2193
    2196
    2124
    2165
    2134
    2060
    2055
    2081
    2073
    1988
    2129
    2115
    2115
    2224
    2030
    2089
    2083
    2092
    2139
    2145
    2228
    2158
    2189
    2176
    2242
    2164
    2185
    2124
    2074
    2256
    2179
    2235
    2399
    2795
    3220
    3918
    5034
    7602
   12454
   18532
   22114
   18940
   11385
    5905
    3199
    2237
    2003
    1959
    2045
    1950
    1959
    1903
    1929
    1912
    2025
    2152
    2122
    2270
    2089
    2037
    2035
    1916
    1944
    1925
    2069
    1986
    2098
    1972
    2034
    2057
    1944
    1967
    2027
    1931
    1900
    2008
    1965
    1949
    2064
    1961
    1890
    2003
    2001
    1944
    1897
    1990
    2013
    1972
    2077
    1966
    2000
    2028
    2018
    1988
    1929
    1980
    2028
    1980
    2098
    2072
    1915
    1991
    2082
    1935
    1950
    1941
    1943
    2063
    2133
    2052
    2022
    2017
    1985
    1900
    2026
    1961
    1939
    2104
    2096
    1971
    2002
    2024
    2071
    2015
    1947
    2002
    1924
    1970
    1925
    2041
    1887
    1905
    1870
    2041
    1828
    1908
    1902
    1970
    1925
    1879
    1857
    1894
    2069
    2096
    2138
    2142
    2103
    2151
    2105
    2004
    1883
    1891
    1827
    1869
    1873
    1818
    1822
    1936
    1859
    1908
    1983
    1937
    2021
    2022
    1960
    2137
    2067
    2141
    2152
    2100
    2047
    1944
    1960
    1829
    1942
    1961
    2045
    1919
    1927
    1897
    1821
    1980
    1876
    1984
    1924
    1859
    1839
    1858
    1868
    1893
    1924
    1883
    1959
    1932
    1926
    1909
    1879
    1926
    1989
    1840
    1960
    1965
    1914
    1936
    2060
    1948
    2027
    2167
    2230
    2257
    2241
    2505
    2665
    2831
    2897
    3620
    4090
    4980
    5811
    6527
    6213
    5248
    4000
    3092
    2658
    2305
    2254
    2120
    2162
    2183
    2169
    2148
    2208
    2199
    2165
    2132
    2137
    2197
    2246
    2152
    2215
    2299
    2247
    2274
    2323
    2386
    2279
    2314
    2282
    2374
    2278
    2213
    2215
    2161
    2123
    2242
    2246
    2257
    2207
    2143
    2179
    2263
    2428
    2368
    2380
    2265
    2207
    2211
    2279
    2142
    2332
    2230
    2287
    2351
    2234
    2420
    2344
    2270
    2264
    2235
    2265
    2270
    2244
    2353
    2198
    2288
    2217
    2267
    2265
    2287
    2324
    2211
    2164
    2195
    2185
    2184
    2154
    2176
    2126
    2184
    2244
    2239
    2270
    2147
    2296
    2200
    2210
    2211
    2277
    2214
    2262
    2214
    2194
    2205
    2185
    2188
    2311
    2392
    2352
    2361
    2198
    2200
    2298
    2206
    2291
    2223
    2223
    2196
    2194
    2227
    2280
    2259
    2232
    2281
    2294
    2292
    2143
    2341
    2262
    2340
    2369
    2330
    2354
    2321
    2293
    2304
    2173
    2277
    2322
    2319
    2280
    2256
    2303
    2213
    2327
    2225
    2361
    2306
    2363
    2313
    2278
    2315
    2197
    2211
    2175
    2151
    2227
    2276
    2247
    2245
    2288
    2329
    2302
    2305
    2308
    2250
    2183
    2429
    2460
    2329
    2431
    2367
    2255
    2327
    2285
    2170
    2253
    2293
    2310
    2347
    2273
    2269
    2284
    2205
    2334
    2168
    2293
    2210
    2320
    2219
    2287
    2285
    2276
    2239
    2318
    2319
    2322
    2306
    2373
    2335
    2355
    2265
    2353
    2189
    2290
    2220
    2376
    2296
    2318
    2253
    2260
    2251
    2321
    2317
    2236
    2290
    2352
    2275
    2345
    2382
    2249
    2380
    2326
    2454
    2274
    2285
    2419
    2445
    2522
    2649
    2962
    3143
    3170
    2980
    2664
    2551
    2427
    2358
    2443
    2395
    2364
    2334
    2428
    2304
    2459
    2345
    2359
    2406
    2398
    2419
    2578
    2350
    2420
    2491
    2508
    2453
    2398
    2384
    2436
    2411
    2419
    2328
    2496
    2465
    2424
    2304
    2300
    2320
    2228
    2391
    2246
    2284
    2319
    2411
    2342
    2401
    2297
    2265
    2276
    2307
    2172
    2301
    2210
    2218
    2114
    2307
    2309
    2313
    2335
    2262
    2333
    2325
    2352
    2288
    2292
    2168
    2192
    2241
    2157
    2164
    2137
    2267
    2184
    2165
    2181
    2184
    2174
    2064
    2170
    2000
    2238
    2120
    2119
    2141
    2027
    2126
    2103
    2150
    2052
    2003
    2019
    2004
    2011
    2114
    2014
    2117
    2141
    2202
    2149
    2118
    2069
    2069
    2175
    2009
    2253
    2166
    2039
    2142
    2151
    2125
    2062
    2157
    2143
    2037
    1987
    2107
    2050
    2047
    2023
    2134
    2101
    2095
    2151
    2097
    2084
    2105
    2121
    2120
    2121
    2097
    2101
    2192
    2086
    2051
    2152
    2113
    2119
    2080
    2176
    2074
    2247
    2302
    2389
    2364
    2380
    2320
    2211
    2266
    2381
    2386
    2486
    2637
    2700
    2839
    3064
    3274
    3358
    3842
    4493
    5575
    7619
   10135
   13532
   15695
   15525
   12681
    9031
    6081
    4082
    3122
    2601
    2412
    2323
    2203
    2218
    2201
    2255
    2372
    2214
    2230
    2284
    2389
    2388
    2433
    2286
    2433
    2459
    2484
    2482
    2464
    2565
    2480
    2383
    2367
    2348
    2280
    2282
    2281
    2357
    2312
    2301
    2324
    2248
    2320
    2370
    2393
    2378
    2264
    2364
    2259
    2283
    2413
    2404
    2220
    2389
    2426
    2398
    2592
    2571
    2689
    2645
    2682
    2442
    2466
    2246
    2328
    2326
    2346
    2197
    2304
    2234
    2229
    2332
    2287
    2360
    2332
    2246
    2262
    2378
    2316
    2277
    2301
    2233
    2365
    2344
    2264
    2244
    2324
    2398
    2380
    2412
    2396
    2320
    2294
    2316
    2173
    2245
    2285
    2353
    2164
    2231
    2325
    2287
    2394
    2304
    2289
    2324
    2288
    2336
    2304
    2251
    2356
    2334
    2248
    2352
    2341
    2222
    2257
    2323
    2336
    2294
    2297
    2412
    2329
    2339
    2357
    2266
    2252
    2436
    2365
    2404
    2337
    2301
    2403
    2388
    2378
    2334
    2436
    2415
    2417
    2616
    2523
    2459
    2373
    2276
    2289
    2300
    2419
    2360
    2335
    2375
    2328
    2432
    2359
    2259
    2381
    2287
    2247
    2340
    2462
    2496
    2472
    2206
    2364
    2225
    2352
    2388
    2255
    2449
    2394
    2282
    2467
    2344
    2539
    2391
    2343
    2382
    2369
    2415
    2497
    2343
    2430
    2487
    2270
    2488
    2470
    2453
    2397
    2401
    2422
    2341
    2397
    2438
    2453
    2569
    2458
    2560
    2480
    2500
    2504
    2454
    2495
    2260
    2362
    2275
    2280
    2362
    2241
    2191
    2208
    2165
    2248
    2200
    2147
    2137
    2084
    2118
    2227
    2014
    1969
    2060
    2105
    2101
    2148
    2197
    2131
    2308
    2229
    2227
    2248
    2220
    2093
    2245
    1998
    2098
    2096
    2108
    1957
    2074
    2017
    2074
    2019
    2146
    2072
    2064
    2251
    2191
    2231
    2165
    2336
    2057
    1957
    2015
    1936
    1915
    1877
    1861
    1987
    1880
    1831
    1905
    1876
    1828
    1830
    1749
    1912
    1937
    1929
    1926
    1914
    1953
    1798
    1686
    1738
    1701
    1793
    1761
    1682
    1703
    1712
    1686
    1740
    1716
    1758
    1733
    1832
    1882
    1956
    1720
    1650
    1611
    1570
    1493
    1477
    1575
    1446
    1494
    1514
    1473
    1470
    1472
    1563
    1489
    1504
    1439
    1435
    1388
    1404
    1302
    1354
    1329
    1339
    1367
    1376
    1295
    1213
    1283
    1267
    1251
    1273
    1318
    1370
    1287
    1287
    1273
    1312
    1323
    1261
    1324
    1329
    1325
    1432
    1379
    1413
    1379
    1359
    1239
    1346
    1364
    1380
    1314
    1318
    1357
    1320
    1359
    1316
    1322
    1345
    1382
    1455
    1395
    1473
    1510
    1355
    1418
    1365
    1460
    1441
    1351
    1342
    1461
    1412
    1360
    1386
    1304
    1315
    1322
    1286
    1331
    1361
    1385
    1369
    1501
    1440
    1615
    1752
    1964
    2184
    2602
    3192
    3305
    3661
    4473
    6175
    9835
   15974
   24046
   32113
   33337
   25761
   15221
    7731
    3787
    2051
    1328
     993
    1000
    1047
    1063
    1031
    1139
    1009
    1045
    1089
     975
    1018
    1004
    1023
     987
    1144
    1150
    1293
    1450
    1533
    1644
    1494
    1338
    1229
    1097
    1180
    1172
    1207
    1221
    1231
    1320
    1296
    1233
    1219
    1271
    1295
    1152
    1181
    1205
    1230
    1258
    1108
    1122
    1080
    1129
    1158
    1161
    1241
    1141
    1207
    1218
    1235
    1211
    1189
    1087
    1082
    1100
    1073
    1048
    1012
    1033
     954
     968
    1015
     947
    1039
    1011
     997
    1023
    1067
    1032
    1070
    1159
    1063
    1047
    1016
     999
     980
    1014
    1027
    1001
     996
     982
     933
    1011
    1129
    1004
    1084
    1142
    1038
    1040
    1013
    1050
    1145
    1116
    1150
    1114
    1182
    1258
    1319
    1386
    1416
    1401
    1271
    1142
    1097
    1044
     973
    1038
    1062
     973
    1038
    1089
    1072
    1184
    1135
    1101
    1122
    1037
    1019
     934
     917
     986
    1011
     951
     955
     979
     965
     937
     957
     906
     984
     965
     976
    1004
     912
    1034
    1050
    1009
    1006
    1045
    1048
    1042
    1072
    1057
    1006
    1126
     981
     977
     964
     958
     967
     983
    1007
    1010
    1006
     920
     931
     998
     947
     946
     973
     948
     994
     985
     933
    1007
    1000
     987
    1037
     997
    1034
     989
    1006
     991
     962
     984
     944
     951
    1022
    1019
     982
    1056
    1000
    1086
    1111
    1215
    1316
    1312
    1258
    1254
    1040
    1029
    1000
     892
     889
     944
     991
    1002
     968
     998
     965
    1040
    1069
    1041
     944
     931
     972
     983
     954
     968
     973
    1043
    1020
     968
     997
     997
     961
     991
     978
    1049
    1041
    1018
     995
     987
     999
    1003
     958
    1012
     910
     954
    1043
     979
    1033
    1155
    1366
    1480
    1433
    1399
    1251
    1100
    1019
     957
     955
     916
     903
     900
     939
     929
     943
     919
     966
     967
     982
    1019
    1056
    1134
    1230
    1333
    1359
    1261
    1052
    1064
    1088
     975
     867
     961
     949
     946
     911
     970
     905
     906
     832
     949
     901
     937
     826
     955
     914
     908
     945
     877
     908
     889
     932
     949
     959
     954
     955
    1020
     881
     934
     911
     877
     956
     979
     921
     957
     919
    1007
     952
     966
     933
     930
    1014
     935
     931
     869
     877
     989
     902
     908
     916
     917
     968
     946
     923
     962
     989
     936
     936
     970
    1002
     972
     991
     995
    1144
    1105
    1169
    1114
    1128
    1092
    1081
    1052
    1146
    1068
    1128
    1197
    1330
    1417
    1473
    1607
    1502
    1387
    1223
    1074
    1106
    1002
    1162
    1146
    1160
    1165
    1054
     918
     960
     900
     966
     921
     949
     903
     869
     956
     859
     902
     940
     890
     933
     859
     902
     928
     964
     956
     934
     905
     929
     881
     892
     860
     926
     938
     868
     862
     883
     906
     914
     875
     866
     833
     897
     882
     819
     906
     845
     910
     894
     835
     916
     941
     862
     884
     900
     910
     875
     963
     887
     998
     909
     902
     944
     969
    1019
    1138
    1213
    1282
    1415
    1556
    1506
    1218
    1172
    1068
    1075
    1189
    1149
    1120
    1110
     941
     935
     909
     919
     965
     952
    1018
    1028
    1171
    1241
    1132
    1067
     946
     876
     891
     889
     955
     875
     901
     850
     853
     826
     812
     841
     843
     918
     936
     882
     948
     985
     962
    1057
    1011
    1005
     906
     880
     916
     861
     944
     942
     907
     976
     924
     972
    1034
     984
    1026
    1046
    1055
    1014
    1038
    1043
    1168
    1250
    1337
    1503
    1734
    2129
    2185
    2364
    2204
    2022
    1657
    1359
    1184
    1076
    1100
     943
    1021
    1145
    1107
    1253
    1272
    1244
    1132
    1120
     982
     868
     906
     887
     841
     872
     897
     919
     923
     894
     918
     891
     838
     877
     794
     900
     909
     900
     887
     891
     955
     901
     865
     913
     937
     927
     921
     936
     929
     942
     972
     936
     856
     937
     947
     940
     887
     918
     913
     859
     923
     860
     972
     913
     835
     941
     868
     905
     901
     875
     904
     801
     854
     864
     905
     951
     896
     862
     865
     896
     895
     919
     948
     990
     961
     988
    1064
    1129
    1332
    1431
    1547
    1532
    1260
    1115
     978
     907
     921
     915
     934
     914
     989
     898
     951
     945
     987
     929
     927
     942
     899
     914
     902
     924
     884
     939
     923
     935
     886
     959
     912
     833
     883
     858
     908
     899
     892
     885
     841
     884
     839
     826
     860
     804
     833
     840
     887
     905
     879
     842
     921
     904
     910
     900
     911
     924
     836
     830
     816
     871
     791
     827
     850
     839
     842
     867
     891
     815
     842
     898
     866
     971
     934
     947
     960
     985
     988
     863
     824
     942
     891
     747
     838
     783
     790
     858
     854
     732
     747
     814
     862
     904
     802
     847
     857
     822
     809
     833
     776
     852
     773
     860
     828
     848
     798
     791
     805
     871
     812
     803
     803
     798
     879
     814
     901
     972
     924
    1030
     947
     932
     831
     811
     805
     798
     791
     824
     819
     748
     814
     751
     759
     810
     791
     806
     822
     860
     866
     827
     920
     916
    1012
    1082
    1162
    1233
    1278
    1234
    1143
    1202
    1081
    1094
    1054
    1021
    1164
    1230
    1442
    1759
    1832
    1708
    1329
    1158
     958
     852
     859
     774
     727
     760
     726
     745
     737
     763
     756
     804
     790
     727
     797
     743
     801
     766
     737
     723
     794
     746
     753
     773
     770
     791
     688
     737
     754
     760
     720
     720
     718
     719
     764
     784
     755
     744
     726
     660
     712
     657
     673
     695
     662
     683
     680
     719
     691
     698
     742
     714
     761
     707
     718
     702
     687
     734
     725
     692
     674
     713
     787
     743
     786
     875
     983
    1155
    1343
    1638
    1728
    1487
    1196
     949
     833
     710
     666
     684
     641
     619
     652
     674
     702
     767
     672
     640
     687
     635
     668
     710
     701
     688
     738
     646
     628
     614
     617
     643
     646
     679
     657
     679
     678
     645
     677
     626
     618
     669
     669
     651
     681
     693
     685
     693
     725
     669
     705
     698
     728
     730
     732
     746
     797
     758
     731
     728
     706
     703
     716
     757
     821
     869
     984
    1126
    1354
    1673
    2112
    2667
    3141
    3470
    3214
    2551
    1825
    1454
    1118
     978
     942
     794
     795
     749
     849
    1075
    1216
    1177
    1151
     912
     836
     769
     630
     667
     649
     631
     635
     604
     680
     598
     632
     653
     665
     619
     621
     602
     619
     670
     701
     666
     640
     678
     586
     659
     575
     633
     642
     601
     647
     605
     642
     609
     667
     582
     609
     648
     557
     607
     644
     599
     622
     640
     652
     627
     624
     654
     666
     686
     621
     635
     636
     645
     619
     636
     640
     593
     626
     568
     630
     596
     664
     610
     668
     597
     574
     585
     596
     590
     645
     584
     624
     646
     636
     663
     568
     692
     689
     725
     736
     778
     689
     758
     729
     769
     725
     704
     846
     790
     797
     814
     765
     788
     765
     746
     747
     679
     625
     687
     609
     695
     635
     660
     676
     672
     627
     668
     578
     675
     616
     609
     632
     582
     580
     648
     608
     581
     595
     604
     633
     625
     681
     622
     614
     603
     585
     586
     611
     582
     605
     609
     565
     589
     616
     578
     601
     672
     692
     681
     770
     772
     828
     878
     813
     911
     784
     746
     710
     692
     550
     639
     567
     634
     620
     630
     628
     658
     607
     576
     599
     606
     582
     602
     629
     575
     633
     563
     620
     600
     636
     615
     594
     543
     594
     616
     607
     626
     603
     636
     640
     610
     630
     673
     717
     804
     825
     881
     865
     852
     714
     730
     793
     739
     779
     752
     785
     761
     784
     698
     631
     627
     633
     584
     665
     624
     647
     635
     594
     658
     624
     696
     740
     718
     899
    1016
    1138
    1176
    1096
     908
     854
     741
     642
     626
     624
     563
     574
     607
     611
     540
     569
     606
     611
     617
     604
     611
     572
     598
     643
     543
     606
     569
     630
     598
     593
     606
     595
     634
     678
     681
     676
     670
     719
     721
     742
     616
     636
     653
     610
     608
     585
     628
     569
     590
     649
     623
     619
     591
     637
     617
     563
     615
     589
     567
     579
     553
     592
     555
     605
     592
     702
     657
     677
     590
     584
     569
     560
     545
     565
     581
     517
     568
     613
     539
     547
     504
     548
     501
     490
     546
     524
     511
     568
     562
     543
     562
     557
     541
     592
     598
     549
     570
     576
     636
     576
     575
     612
     559
     591
     597
     617
     565
     535
     565
     533
     530
     586
     535
     531
     539
     523
     586
     534
     518
     576
     562
     553
     557
     509
     573
     574
     608
     558
     564
     573
     558
     635
     580
     589
     599
     611
     664
     680
     769
     774
     836
     966
    1004
    1026
    1060
    1001
     976
    1030
    1071
    1114
    1384
    1534
    1653
    1796
    1623
    1471
    1311
    1302
    1188
    1110
    1005
     787
     677
     636
     589
     576
     618
     611
     623
     683
     665
     648
     616
     635
     631
     598
     614
     655
     560
     587
     584
     613
     598
     640
     537
     594
     572
     572
     571
     632
     646
     603
     610
     598
     612
     646
     651
     567
     637
     569
     666
     616
     601
     677
     662
     673
     638
     677
     597
     558
     585
     668
     645
     657
     651
     707
     680
     726
     645
     730
     618
     660
     667
     657
     688
     722
     691
     675
     679
     580
     606
     589
     604
     645
     606
     604
     652
     631
     676
     624
     598
     660
     622
     607
     601
     660
     688
     707
     775
     803
     823
     842
     856
     689
     814
     788
     882
     857
     997
    1029
     929
    1010
    1005
    1021
    1133
     977
     897
     817
     698
     720
     632
     572
     682
     665
     631
     677
     677
     693
     686
     664
     721
     622
     641
     634
     649
     622
     597
     624
     574
     632
     582
     610
     633
     610
     617
     611
     626
     603
     610
     594
     563
     571
     604
     625
     613
     618
     579
     642
     594
     537
     662
     597
     606
     665
     658
     629
     662
     617
     614
     611
     640
     628
     660
     625
     600
     570
     615
     595
     583
     596
     606
     565
     630
     617
     611
     575
     629
     622
     601
     632
     576
     572
     638
     644
     637
     666
     603
     667
     596
     637
     610
     624
     642
     587
     620
     601
     631
     709
     697
     760
     850
     977
    1050
    1218
    1232
    1318
    1297
    1149
    1011
     805
     766
     698
     654
     625
     649
     731
     628
     673
     649
     620
     659
     645
     643
     594
     652
     697
     644
     583
     642
     663
     645
     576
     660
     619
     621
     599
     642
     657
     608
     619
     621
     662
     622
     595
     591
     593
     581
     639
     622
     589
     610
     658
     637
     602
     605
     649
     588
     627
     678
     710
     745
     808
     787
     774
     667
     612
     659
     587
     583
     576
     584
     532
     547
     549
     650
     542
     614
     556
     522
     501
     539
     519
     602
     535
     545
     559
     538
     536
     573
     556
     546
     568
     518
     529
     605
     550
     549
     580
     560
     563
     547
     576
     523
     518
     533
     482
     542
     484
     506
     548
     482
     492
     506
     479
     550
     528
     572
     482
     551
     573
     564
     557
     590
     545
     549
     501
     490
     581
     479
     515
     478
     497
     510
     505
     503
     533
     543
     503
     531
     491
     583
     502
     533
     489
     503
     474
     539
     524
     489
     494
     544
     500
     531
     571
     559
     513
     557
     523
     615
     630
     717
     793
     960
    1020
    1254
    1481
    1719
    1974
    2049
    1953
    1826
    1379
    1189
    1094
    1212
    1290
    1403
    1522
    1750
    1817
    1697
    1442
    1172
     931
     755
     603
     609
     581
     556
     506
     559
     516
     571
     508
     544
     547
     610
     587
     550
     529
     576
     582
     503
     502
     535
     527
     538
     528
     514
     522
     554
     462
     572
     530
     538
     548
     521
     530
     549
     479
     563
     529
     551
     572
     528
     589
     594
     641
     604
     612
     553
     535
     497
     573
     524
     529
     620
     624
     668
     645
     590
     528
     523
     500
     526
     470
     507
     482
     458
     471
     446
     486
     461
     456
     509
     501
     493
     508
     522
     516
     565
     508
     570
     566
     494
     552
     465
     497
     491
     488
     472
     470
     501
     569
     510
     562
     557
     535
     523
     534
     588
     653
     714
     814
     895
    1037
    1324
    1449
    1382
    1277
    1031
     729
     700
     601
     511
     516
     554
     497
     486
     460
     476
     574
     575
     510
     555
     488
     494
     543
     530
     516
     499
     459
     470
     506
     437
     474
     505
     420
     445
     461
     485
     424
     462
     467
     435
     442
     462
     428
     401
     396
     436
     417
     415
     472
     420
     463
     436
     412
     444
     450
     451
     425
     427
     461
     459
     403
     466
     461
     450
     417
     437
     453
     448
     453
     436
     404
     441
     457
     471
     465
     451
     442
     450
     432
     490
     430
     455
     443
     431
     403
     379
     411
     449
     481
     451
     419
     445
     435
     424
     533
     451
     470
     518
     562
     653
     762
     792
    1073
    1304
    1407
    1348
    1066
     781
     623
     446
     426
     400
     405
     445
     434
     393
     407
     348
     409
     403
     381
     342
     379
     376
     333
     370
     329
     367
     379
     326
     374
     376
     374
     343
     381
     338
     360
     337
     345
     362
     363
     362
     338
     372
     344
     327
     354
     347
     339
     322
     321
     310
     314
     359
     336
     325
     294
     331
     311
     297
     310
     325
     319
     329
     306
     320
     321
     339
     321
     324
     268
     310
     319
     318
     271
     301
     293
     318
     284
     262
     256
     299
     259
     267
     236
     278
     272
     252
     252
     273
     253
     262
     239
     261
     250
     279
     237
     273
     277
     257
     267
     224
     240
     275
     264
     265
     272
     243
     237
     273
     301
     271
     260
     243
     225
     265
     245
     224
     208
     220
     219
     230
     226
     247
     232
     244
     258
     211
     218
     244
     264
     254
     260
     247
     216
     208
     216
     240
     197
     217
     254
     232
     244
     223
     221
     211
     208
     233
     217
     202
     220
     225
     234
     216
     275
     257
     270
     273
     323
     346
     395
     532
     629
     930
    1295
    1606
    1920
    2190
    2116
    1629
    1133
     890
     797
     778
     911
    1153
    1555
    1751
    1882
    1704
    1224
     765
     561
     425
     286
     258
     217
     173
     224
     273
     253
     205
     215
     221
     158
     187
     177
     150
     140
     181
     178
     168
     148
     169
     169
     172
     173
     155
     184
     171
     169
     198
     184
     203
     208
     186
     175
     182
     205
     164
     158
     186
     163
     163
     164
     161
     158
     164
     186
     158
     164
     185
     195
     205
     254
     264
     320
     405
     326
     234
     201
     225
     151
     153
     158
     128
     182
     144
     152
     162
     123
     154
     164
     127
     156
     152
     127
     141
     151
     154
     163
     150
     166
     168
     132
     161
     133
     137
     178
     165
     145
     165
     164
     149
     172
     166
     137
     166
     218
     227
     210
     235
     354
     387
     524
     596
     709
     758
     670
     523
     377
     257
     197
     195
     170
     146
     178
     157
     120
     139
     136
     117
     140
     133
     156
     149
     125
     194
     169
     162
     132
     143
     169
     128
     136
     149
     153
     146
     108
     169
     154
     130
     151
     118
     141
     123
     126
     125
     115
     136
     135
     132
     135
     157
     126
     158
     140
     187
     161
     174
     155
     169
     128
     137
     155
     128
     142
     131
     147
     143
     141
     133
     144
     126
     100
     117
     138
     141
     152
     131
     114
     149
     120
     138
     148
     106
     113
     145
     148
     147
     122
     122
     130
     135
     129
     146
     159
     144
     146
     162
     174
     173
     161
     125
     134
     140
     106
     110
     124
     117
     127
     104
     120
     121
     120
     123
     175
     131
     170
     142
     135
     111
     137
     117
     138
     132
     115
     149
     141
     112
     121
     148
     134
     124
     127
     165
     165
     159
     127
     143
     130
     140
     149
     166
     157
     137
     176
     141
     139
     145
     113
     136
     143
     140
     134
     121
     132
     105
     123
     120
     139
     142
     136
     124
     149
     128
     115
     145
     128
     135
     126
     124
     125
     146
     136
     148
     126
     166
     158
     165
     182
     197
     194
     152
     149
     136
     131
     130
     105
     116
     107
     105
     121
     124
     134
      97
     119
      94
     125
     121
     114
     106
     104
     113
     107
     140
     157
     175
     177
     167
     186
     203
     220
     244
     278
     251
     248
     199
     173
     139
     116
     120
     112
     127
     113
     128
     113
     135
     118
     110
     122
     101
     114
      97
     120
     109
     107
     107
     103
     121
     119
     112
     106
     114
     121
      95
     117
     114
     146
      89
     127
     114
     128
     159
     124
     150
     125
     133
     113
     127
     114
     112
     108
     137
     135
     136
     107
     122
     129
     121
     103
     142
      87
     104
     110
     108
     111
     114
     112
     117
     119
     110
      97
     111
     113
      90
     140
     120
     121
     155
     148
     164
     176
     217
     167
     206
     210
     151
     135
     116
     136
     133
     131
      92
     106
     108
     112
     116
     103
     104
     119
     105
     129
     109
     136
     122
     114
     121
     106
     115
     111
     129
     102
     104
     115
     110
     105
     116
     106
     111
     110
     127
     122
     104
     108
     117
     110
     107
     119
     102
     113
     107
     111
     104
     129
     103
     106
     106
     113
     117
      99
     120
     117
     115
     106
      99
      95
     106
     105
     122
     133
     106
     107
     112
     107
     114
     120
     113
     158
     151
     139
     172
     158
     134
     137
     134
     122
     107
      96
     110
     119
     111
     130
     123
     112
     105
     128
     113
     118
     100
     115
     122
     116
     131
     107
     132
     149
     127
     124
     133
     118
     110
     125
     122
     112
     101
     100
     134
      83
      82
     109
     114
      98
     104
     113
      80
      98
     121
     105
      93
      99
     114
     118
      82
     113
     112
      94
      95
     108
      87
      94
      86
     102
      97
      98
      98
     100
     114
     125
     139
     132
     165
     163
     167
     161
     157
     169
     151
     131
     114
     113
     110
     115
      87
     102
     113
      77
      75
      91
     104
      88
     108
      86
     102
      90
      98
      98
      88
      81
      95
     101
      97
      88
      91
      97
      78
      99
      97
      81
      79
     110
      93
     105
      90
      91
      86
      64
     103
     105
      88
      86
     102
      96
     113
      81
      97
      88
      91
      93
      98
      75
      83
      94
      85
      93
      82
      79
      83
      89
      75
      83
      92
     113
      90
      82
      84
     102
      94
     124
     139
     130
     117
     125
     159
     136
     147
     197
     186
     216
     237
     228
     235
     187
     153
     149
     113
      99
     100
      92
      94
      92
      97
      79
      83
      97
     101
      85
     101
     102
      93
      96
     102
      90
      79
      90
     108
      91
      88
      97
      80
     120
     141
     130
     179
     138
     187
     150
     135
     117
      90
      94
      86
      86
      72
      70
      72
      90
      77
      98
      91
      82
      71
      71
     111
      95
      74
      73
      82
      97
     108
     110
      94
     110
     108
     152
     130
     238
     211
     257
     282
     223
     164
     156
     114
     127
      79
      86
      83
      71
      73
      83
      80
      80
      74
      75
      74
      48
      84
      64
      68
      71
      59
      71
      93
      68
      72
      73
      72
      60
      79
      78
      72
      80
      99
      97
      78
     105
      71
      81
      91
      80
      77
      86
      98
      79
      82
      79
      89
      83
      84
      89
      78
      72
      69
      74
      53
      70
      78
      65
      70
      95
      59
      70
      67
      54
      86
      64
      64
      74
      68
      68
      63
      76
      60
      83
      62
      69
      56
      69
      77
      65
      77
      74
      70
      77
      66
      73
      53
      63
      68
      77
      70
      56
      56
      58
      71
      64
      81
      77
      65
      70
      62
      60
      76
      72
      79
      46
      87
      77
      59
      77
      52
      82
      76
      67
      53
      86
      84
      62
      75
      65
      68
      62
      58
      64
      59
      57
      77
      58
      62
      67
      62
      61
      51
      72
      60
      67
      70
      71
      81
      75
      55
      59
      71
      74
      66
      75
     107
     105
     102
     137
     167
     187
     203
     196
     244
     198
     168
     143
     115
      88
      81
      62
      61
      73
      50
      68
      54
      58
      67
      51
      81
      68
      68
      76
      49
      60
      66
      66
      67
      64
      70
      71
      58
      84
      64
      66
      69
      54
      76
      62
      46
      60
      61
      46
      62
      57
      57
      57
      54
      70
      45
      67
      57
      43
      51
      48
      72
      43
      54
      50
      62
      47
      47
      63
      40
      63
      74
      53
      51
      57
      78
      78
      86
      87
     102
     111
     124
     137
     109
     117
     116
      82
      61
      49
      56
      41
      57
      65
      58
      55
      47
      55
      53
      51
      64
      49
      46
      48
      49
      51
      48
      57
      59
      56
      47
      43
      60
      43
      45
      52
      61
      64
      45
      42
      40
      45
      48
      55
      46
      44
      55
      43
      46
      46
      46
      66
      63
      44
      49
      60
      39
      53
      55
      47
      43
      67
      48
      54
      37
      56
      51
      62
      48
      48
      46
      45
      38
      42
      57
      62
      58
      39
      61
      48
      42
      68
      72
      72
      85
      99
     144
     160
     188
     167
     189
     157
     101
      73
      64
      53
      48
      51
      41
      25
      45
      30
      35
      43
      24
      58
      44
      45
      43
      26
      40
      37
      36
      41
      37
      44
      55
      33
      44
      45
      44
      29
      41
      39
      39
      37
      38
      28
      40
      39
      50
      50
      35
      38
      25
      39
      23
      30
      32
      47
      45
      38
      38
      41
      40
      44
      45
      38
      41
      37
      37
      37
      38
      46
      43
      43
      37
      30
      41
      48
      51
      38
      44
      36
      36
      32
      27
      31
      42
      38
      37
      40
      38
      47
      31
      42
      28
      51
      51
      43
      45
      32
      26
      28
      23
      39
      34
      28
      44
      33
      31
      39
      31
      32
      29
      38
      41
      28
      38
      41
      54
      54
      41
      30
      41
      18
      33
      34
      35
      30
      25
      24
      21
      38
      33
      33
      33
      21
      24
      28
      35
      38
      38
      34
      19
      27
      30
      26
      29
      35
      37
      18
      35
      26
      40
      32
      24
      34
      36
      38
      23
      24
      31
      40
      52
      38
      36
      28
      33
      28
      33
      21
      23
      18
      27
      22
      26
      28
      39
      38
      27
      25
      36
      30
      25
      31
      33
      23
      32
      19
      29
      21
      34
      29
      30
      30
      21
      29
      16
      27
      16
      30
      23
      24
      29
      22
      27
      32
      20
      27
      27
      27
      34
      36
      21
      22
      28
      31
      27
      34
      25
      36
      28
      46
      29
      47
      52
      58
      67
      69
     108
     160
     189
     204
     187
     194
     116
      90
      49
      45
      33
      34
      19
      22
      28
      10
      37
      30
      21
      15
      14
      29
      33
      19
      46
      30
      27
      37
      25
      17
      25
      20
      21
      28
      39
      11
      20
      16
      31
      23
      18
      19
      21
      20
      17
      22
      33
      23
      18
      16
      17
      14
      19
      19
      23
      25
      23
      19
      23
      33
      29
      23
      27
      11
      20
      18
      20
      18
      17
      22
      13
      19
      20
      22
      29
      16
      23
      31
      29
       9
      16
      21
      13
      14
      31
      24
      15
      25
      18
      24
      23
      26
      21
      21
      23
      20
      22
      21
      30
      18
      17
      21
      18
      21
      16
      17
      16
      20
      15
      20
      20
      24
      21
      16
      21
      23
      17
      28
      21
      13
      26
      18
      21
      15
      19
      12
      26
      17
      17
      17
       8
      18
      27
      11
      11
      25
      16
      14
      16
       9
      23
      17
      21
      20
      31
      19
      21
      27
      22
      15
      18
      12
      19
      13
      14
      15
      20
      20
      22
      17
      18
      20
      21
      14
      17
      15
      11
      13
      12
      13
      18
      21
       7
      17
      16
       8
      22
      13
      12
      29
      17
      12
      23
      25
      12
      23
      13
      14
      20
      16
      17
      15
      21
      20
      21
      10
      15
      21
       7
      19
      13
      18
      24
      11
      12
      15
       7
      15
      21
      16
      33
      19
      13
      18
      12
      11
       9
      18
       9
      18
      11
      18
      23
      28
      17
      16
      26
      21
      29
      35
      37
      16
      22
      23
      11
      11
      16
      27
      19
      10
      15
      16
      12
      10
      11
      20
      11
      16
      17
      20
      11
      17
      13
      14
      17
      22
      16
      24
      19
      16
      24
      20
      10
      17
      12
      13
      11
      13
      14
      18
      20
      16
      12
      10
      10
      14
      24
       9
      19
      15
      13
      19
      15
      10
       5
      10
      13
      14
      23
      20
      15
      25
      17
      18
      23
      32
      15
      13
      20
      15
      25
      20
      17
       9
       9
      22
      17
       6
      13
      14
      12
      13
      21
      11
      14
      26
      36
      18
      30
      31
      28
      23
      12
      12
      17
      13
      20
      16
      10
      13
      16
      14
      14
      12
      13
      15
       7
       7
      11
      19
       9
       4
      11
      15
      15
       8
      15
      14
      14
      14
      14
      12
      19
      13
       9
      21
      14
      12
      16
      14
       3
      13
      11
       8
      18
      14
       8
       7
      14
      11
      13
      18
      20
      15
      17
      18
      10
      24
      16
      20
      30
      31
      25
      43
      38
      34
      18
      25
      26
      16
      31
      19
      11
      24
      18
      19
       8
      17
      10
      10
      19
      10
      15
      17
      15
       7
      21
      22
      15
      17
       5
      20
      11
      13
      12
      15
      17
       8
      13
      18
      13
      25
      15
      19
      12
      14
      22
      23
      22
       9
      13
      14
      21
      20
      19
      16
      21
      15
      17
      15
      15
      16
      16
      12
      34
      25
      21
      17
      26
      28
      19
      27
      40
      29
      16
      35
      35
      37
      27
      33
      30
      19
      24
      35
      41
      38
      33
      40
      46
      24
      39
      31
      39
      41
      48
      44
      45
      14
       0
       0
       0
       0
       0
       0
       0
       0
       0
       0
       0
       0
       0
       0
       0
       0
       0
       0
       0
       0
       0
       0
       0
       0
       0
       0
       0
       0
       0
       0
       0
       0
       0
       0
       0
       0
       0
       0
       0
       0
       0
       0
       0
       0
       0
       0
       0
       0
       0
       0
       0
       0
       0
       0
       0
       0
       0
       0
       0
       0
       0
       0
       0
       0
       0
       0
       0
       0
       0
       0
       0
       0
       0
       0
       0
       0
       0
       0
       0
       0
       0
       0
       0
       0
       0
       0
       0
       0
       0
       0
       0
       0
       0
       0
       0
       0
       0
       0
       0
       0
       0
       0
       0
       0
       0
       0
       0
       0
       0
       0
       0
       0
       0
       0
       0
       0
       0
       0
       0
       0
       0
       0
       0
       0
       0
       0
       0
       0
       0
       0
       0
       0
       0
       0
       0
       0
       0
       0
       0
       0
       0
       0
       0
       0
       0
       0
       0
       0
       0
       0
       0
       0
       0
       0
       0
       0
       0
       0
       0
       0
       0
       0
       0
       0
       0
       0
       0
       0
       0
       0
       0
       0
       0
       0
       0
       0
       0
       0
       0
       0
       0
       0
       0
       0
       0
       0
       0
       0
       0
       0
       0
       0
       0
       0
       0
       0
       0
       0
       0
       0
       0
       0
       0
       0
       0
       0
       0
       0
       0
       0
       0
       0
       0
       0
       0
       0
       0
       0
       0
       0
       0
       0
       0
       0
       0
       0
       0
       0
       0
       0
       0
       0
       0
       0
       0
       0
       0
       0
       0
       0
       0
       0
       0
       0
       0
       0
       0
       0
       0
       0
       0
       0
       0
       0
       0
       0
       0
       0
       0
       0
       0
       0
       0
       0
       0
       0
       0
       0
       0
       0
       0
       0
       0
       0
       0
       0
       0
       0
       0
       0
       0
       0
       0
       0
       0
       0
       0
       0
       0
       0
       0
       0
       0
       0
       0
       0
       0
       0
       0
       0
       0
       0
       0
       0
       0
       0
       0
       0
       0
       0
       0
       0
       0
       0
       0
       0
       0
       0
       0
       0
       0
       0
       0
       0
       0
       0
       0
       0
       0
       0
       0
       0
       0
       0
       0
       0
       0
       0
       0
       0
       0
       0
       0
       0
       0
       0
       0
       0
       0
       0
       0
       0
       0
       0
       0
       0
       0
       0
       0
       0
       0
       0
       0
       0
       0
       0
       0
       0
       0
       0
       0
       0
       0
       0
       0
       0
       0
       0
       0
       0
       0
       0
       0
       0
       0
       0
       0
       0
       0
       0
       0
       0
       0
       0
       0
       0
       0
       0
       0
       0
       0
       0
       0
       0
       0
       0
       0
       0
       0
       0
       0
       0
       0
       0
       0
       0
       0
       0
       0
       0
       0
       0
       0
       0
       0
       0
       0
       0
       0
       0
       0
       0
       0
       0
       0
       0
       0
       0
       0
       0
       0
       0
       0
       0
       0
       0
       0
       0
       0
       0
       0
       0
       0
       0
       0
       0
       0
       0
       0
       0
       0
       0
       0
       0
       0
       0
       0
       0
       0
       0
       0
       0
       0
       0
       0
       0
       0
       0
       0
       0
       0
       0
       0
       0
       0
       0
       0
       0
       0
       0
       0
       0
       0
       0
       0
       0
       0
       0
       0
       0
       0
       0
       0
       0
       0
       0
       0
       0
       0
       0
       0
       0
       0
       0
       0
       0
       0
       0
       0
       0
       0
       0
       0
       0
       0
       0
       0
       0
       0
       0
       0
       0
       0
       0
       0
       0
       0
       0
       0
       0
       0
       0
       0
       0
       0
       0
       0
       0
       0
       0
       0
       0
       0
       0
       0
       0
       0
       0
       0
       0
       0
       0
       0
       0
       0
       0
       0
       0
       0
       0
       0
       0
       0
       0
       0
       0
       0
       0
       0
       0
       0
       0
       0
       0
       0
       0
       0
       0
       0
       0
       0
       0
       0
       0
       0
       0
       0
       0
       0
       0
       0
       0
       0
       0
       0
       0
       0
       0
       0
       0
       0
       0
       0
       0
       0
       0
       0
       0
       0
       0
       0
       0
       0
       0
       0
       0
       0
       0
       0
       0
       0
       0
       0
       0
       0
       0
       0
       0
       0
       0
       0
       0
       0
       0
       0
       0
       0
       0
       0
       0
       0
       0
       0
       0
       0
       0
       0
       0
       0
       0
       0
       0
       0
       0
       0
       0
       0
       0
       0
       0
       0
       0
       0
       0
       0
       0
       0
       0
       0
       0
       0
       0
       0
       0
       0
       0
       0
       0
       0
       0
       0
       0
       0
       0
       0
       0
       0
       0
       0
       0
       0
       0
       0
       0
       0
       0
       0
       0
       0
       0
       0
       0
       0
       0
       0
       0
       0
       0
       0
       0
       0
       0
       0
       0
       0
       0
       0
       0
$MCA_CAL:
3
-7.334701E+000 1.327908E+000 5.838348E-007
$SHAPE_CAL:
3
3.426095E+000 8.092198E-004 -2.923660E-008
